4757320
8747202
6829262
1739979
5665573
3368472
8465138
8813715
9292110
8799365
9365700
3089162
9227457
7178641
2914160
1185125
5807796
3911448
9473326
2627668
6208512
5064239
6212819
8542263
3952149
5116934
5114917
3984819
9312113
5526749
9657020
5041151
2621129
1362906
0890314
2870597
6509760
4222692
9233488
2384984
4608286
6972949
8358369
1970667
2307434
7463212
1467243
8134894
6162582
1742408
8891037
1216230
6051007
7810524
1001499
9192273
7960455
5041308
0914048
2524629
2329005
8701809
4814099
6494957
0045642
7899332
9992527
1628837
3998148
7628662
0603780
3545660
6475420
2862988
5650382
4812464
7042592
7113696
3614036
3806921
3573674
6935777
1940255
0516007
6146421
4325462
3332914
3446282
9476471
2832314
9482292
9116861
9971797
0613290
7132216
7157398
0890063
8002186
8481898
9866686
9996624
1785234
2054112
1352204
0385040
6418585
1653181
4123058
3801501
0089670
6084501
4295817
1656411
8572062
4298959
8971269
9242397
7642753
0841899
2903042
9843539
8248734
0737175
2408331
9604541
5787277
4011196
0763316
5680128
9836407
4589617
5154811
8000223
0513013
2433542
3909325
8552002
1541252
4347675
1394565
2724871
2190749
1823236
8207766
9519053
7176534
9626183
1498115
8287393
0674789
8072089
4756877
5213451
8966625
5290974
0067560
3078408
9196685
5008753
0911961
8267914
7972922
5946476
1235090
0423762
8061313
6203951
5536551
6372526
0299341
0575928
4719693
0228114
6767523
4397737
9967771
6011321
8528346
8343138
8282764
8302060
8940140
6209136
4584041
3940877
3401813
1346393
6682497
8450780
6390644
2180295
3904659
7620719
8056467
0731030
9849641
4289786
1537686
8463208
4100506
4244463
3029589
1765494
1147210
0224327
0368110
3479795
2905152
5566336
1920979
5057622
6157611
9443545
2816428
5900718
4722550
7573821
8010663
0180504
1397068
8424579
7989861
7700444
9785934
0391210
9286089
1003702
9567735
6026197
9241439
8690436
3906022
3376689
5064446
8462995
0966788
0742097
0319532
8943442
2391432
7604818
7570387
2151789
6725904
4943886
6409855
0286135
6711423
8932768
9593673
3734914
1529322
9247501
0558018
9249252
9879693
6404571
3866804
2472865
3342044
5773280
8873480
9163684
6139546
7131078
8903256
4564310
6795601
7292912
8043918
9376774
8688456
5895494
0941833
7778524
6391858
3100427
3027363
5427851
2366167
3388672
2545998
6834546
0831673
9289018
5599583
7591945
9344036
8165380
5706490
8274083
6640985
0121193
7192421
2015236
0051177
6757158
7658915
4169850
7142553
7977312
2107976
3902630
2098586
5769863
2662975
3164476
3591096
7778471
2663625
8621416
4382411
4172791
9081045
1681875
4954494
8732262
7232915
7788197
5073641
2526079
4198323
2790797
6689664
4814437
5932848
7233200
9177909
5830864
7961385
7372676
5193915
6249996
1843906
4902615
6438579
0328033
7746193
4747291
4445437
6444246
4826206
8413345
2287872
3761886
7201528
5400761
7698547
4248714
0417987
1014658
5606208
8793832
4818542
1583648
5662313
0766832
6627385
7297154
7992307
2050455
6241200
8572635
5416264
6849122
8087988
7381851
5160397
5925029
4494752
8436503
8652622
1781416
3435500
6681089
7266409
4456615
3436607
2477449
6048756
9930124
4496655
0107306
3431486
0481581
2296771
9345420
1391829
5932101
0130312
5082166
1740203
7407102
4047839
9971211
7973828
5052085
9454047
6755745
6935917
3377616
8621493
0033751
9927253
8026186
4253613
7742020
5968637
5298371
9362208
9946380
2852750
5969602
1500688
1861857
1512422
5817045
5275103
7520759
5301887
3576527
8812633
5081701
7418896
7905313
8369993
7822458
6903221
2516881
6011414
0672325
2150494
4313411
3469057
1983543
9675245
4946483
9769300
3934304
3110346
7108490
2831667
0450727
5003314
8005792
9393769
4456091
7241879
1083128
9701636
2118692
7111560
6554653
9357022
5216440
6408249
0040539
8738858
5925825
0318997
0199783
1127309
2622782
2529970
8993944
8719000
4460842
5789399
8673814
4619646
2690533
3238830
4725457
1337516
7857474
1134561
1749172
1138005
9543576
2464401
2435862
0816594
4440659
2224841
5230080
9689091
1718716
1100104
5891010
5607636
9837762
8185580
5660843
7957468
8960400
4650627
9589308
8135679
3574744
4833025
4088833
3078067
3596140
0804167
4350544
5801800
1843629
3196175
8852783
5230775
4844327
5381788
5531471
1501215
6413362
5258926
2594432
9919743
4996880
2004990
4085997
5565109
4209946
9324580
1181160
7170869
2853871
9633623
5896116
0072187
1572360
8282964
3573356
6834034
5461030
8309248
7122031
5391530
1336715
5973756
5561856
7363817
3696050
0288298
4746975
6080078
7678960
9989486
8206778
6375903
6441435
3268024
9122730
7369626
7548124
7367658
9642744
9964453
3461377
5013556
5138864
8182872
0959493
4894457
1291589
4169377
2486290
4731856
4419509
4419722
6255083
4932892
9998312
8592480
1874229
6949841
1255558
3073954
3705217
4861462
8706139
9351525
2688967
6739130
0080464
1605048
5191277
5017933
5187884
3183443
5535656
0194377
5243719
3419263
7270412
8036541
4401555
8866406
3044370
6706862
5945767
1035478
1668461
9659589
8562129
3472606
3347395
4954049
3981136
0941305
0963255
4007593
8988732
3131128
9868145
7675648
6738744
8939867
1498861
4159591
4457807
2327971
9716639
6639454
2465095
2291436
1874687
3043344
6107291
1541177
2641945
6613699
9768688
6132815
1862435
9882304
0191806
0244902
8555814
6795262
4117502
1726187
0313670
0781769
8968969
9202497
7544862
7232227
9732675
0939606
5550647
6394750
7944364
0071194
8167835
2392241
9040408
0004363
6681777
7817347
3211786
0990070
9005408
1129632
2110613
0642548
7840731
7472923
4769478
7902869
2844787
0537343
6869679
5712582
9803920
5498121
9431766
0305815
5496149
0943950
3842906
3750343
9085508
0329507
5734261
6572336
2149955
4306452
0776102
9653662
2410778
3107022
3634504
6110785
1682542
0078066
1892906
7633494
7584115
2232768
2491697
9750669
3060859
5519573
0125478
1939683
2489983
9718311
4160498
1579089
8553119
6328802
6646276
3299768
7617367
6281704
1575743
0710368
6568485
6381708
4221487
1492068
4794455
3005344
8069785
9088447
0528773
0182028
0036097
5798153
7461670
9105310
8991184
9618510
0249958
0920169
3340419
9391345
9775987
5283014
3876798
7094253
8537509
3025485
2688290
2442220
2046214
8044727
4230246
0580874
4679440
5011066
2871222
5499213
0970761
5546597
8799449
3685402
0186938
5617220
9460828
1719794
4511508
9177274
0875954
2082353
7607496
4085959
2658723
1228938
9350790
5788655
1208373
6135372
3087204
7016836
7565746
5666380
8568287
8914724
9364849
6247513
2039402
9319108
3321264
5802408
0630881
2505977
0954253
7802411
7851515
7221879
1034235
4121341
4043781
7493747
8920858
4772246
8608703
2248226
9878049
4858887
0897230
1582119
3781528
9881947
5048797
5717942
8925435
0842550
8585914
7773013
1847438
0371038
8719245
6553301
1814067
2373261
8336501
9014767
7584420
5809816
3045367
3015551
9859071
4665282
9449402
3878238
6771522
2195559
0203521
7568043
3073628
8979636
2433666
6680647
2794411
2296500
9960214
4499079
9386716
9858082
1079773
6578267
9540775
9222387
9766776
9069861
4225570
8102055
8106423
0012455
9744288
8057022
0665868
3928094
8211761
9222692
5067672
9054729
7120123
4240476
1006638
6332888
3309756
2294330
3062772
1025678
1055796
2319392
7212772
1751432
2578074
9475430
6975441
5357754
9568922
5217917
6540089
3964736
5633380
5174559
6748832
8278683
5684484
3704480
9162324
2610272
7209715
7867557
7767980
6635379
4550175
3668710
3634396
9072797
0346059
6971439
0029338
6851295
9568653
7430587
8625616
3492928
0462029
4065628
9045725
4608720
0985451
8643796
5720057
5664385
9181673
0688239
3533601
2854630
0572615
2474298
4458174
0465346
2130027
3054106
0237855
0766045
9489376
5147255
7709900
8015879
7808699
8478657
7568301
8023182
8967240
5179393
8253478
6648423
4394559
4196053
9940801
4504606
7943805
7857418
6962886
2477383
3262239
6916624
1793225
7303263
6608644
6512065
0406858
5414626
5463504
7428880
3014166
3581695
3512144
1674530
0888660
2225765
4584615
5965809
8667109
6455340
6629151
2013301
0170737
2762801
9476789
5876592
9439272
9249564
6927675
2953393
5666829
3926281
6107353
8807741
6491525
3981735
5143912
5255438
9802578
3789010
5920672
8070278
8361409
3693370
8799747
9490994
1219031
1151036
1058183
8369619
5925035
7789942
3788217
8052104
0980516
2895352
8297780
6702584
9613699
2014296
8005473
2557547
4388558
4049780
1899320
3508712
9628416
0481670
6386925
0172241
9100457
6277098
8029535
5151996
2104429
7670957
0567423
2067084
5661186
0235685
4321287
1968752
8213322
2304642
0275194
6252541
4605937
1971037
4235690
4170353
0844124
8649895
5107703
4170961
4643382
2891681
9257244
7749912
2134216
5977866
2470369
3198530
6792832
8069223
9477456
4493755
4670963
3628164
0072568
7983710
3900345
7983607
5616019
4793182
4816836
9676039
4183076
1812539
1603831
6109929
6419117
5577747
2714635
5996410
5748096
1894711
2194161
6546022
0503745
6597087
4803048
3156192
2631801
8215571
0433883
7142556
6158995
8117796
9164753
4669362
6684771
9640205
9862163
6683170
8008964
1475100
4991068
5647483
8922999
6059775
7346730
9855329
0029544
4100321
5474082
0727167
9042779
9467021
8691169
1974780
4327925
8278555
8824576
8186407
4559647
6334500
6427073
7571559
7822806
5288765
7309816
3620693
6487802
9528022
7264346
3816312
9704628
4445383
2120866
3097032
6841410
0278968
2196884
6069969
5833555
1132553
4403440
4709541
3564925
7161505
8720868
2885893
0451130
1226055
9778172
6796656
8344567
1052424
5283280
7007733
8432710
2411242
8965652
3362176
2746850
6759861
5934360
1316003
4218592
8535011
7502561
8464001
1946023
2053612
1369288
5697044
8593618
7963170
9705372
6684610
5524986
5895511
2600013
0800228
4279068
3291752
5131945
6783389
0489741
3446604
7192616
6389410
8861121
9060089
6068353
1295281
1036202
2657028
1031489
2753990
0973200
1401472
5940348
7023690
0903459
1902282
5003888
7790561
3548430
8071782
3056607
2126124
1585868
9769897
9202634
6949920
4255935
7246179
0933707
6095448
1224143
3373996
0303150
5814983
3660342
4295742
8404365
5457620
5686986
6083711
3701821
3464799
9472969
6859633
5191099
5421115
4319315
2681800
7101512
8926792
0375413
9517032
9620056
4148187
1707066
2673702
9837982
6425325
3488955
4614023
9455240
8019155
0710648
4378072
8831091
4182609
3360367
0861942
8752677
6892303
4680714
1642860
1216897
4418200
4152016
8971573
8438649
3140963
9560376
4853345
1899649
5610814
1947384
5158914
2420903
1471655
5354757
6719710
8274645
3853206
7043817
4949259
6722963
6757320
8929177
4052569
4199231
3861061
9275917
1225724
9888719
6825303
2175594
4870096
5592056
4744159
3707468
4515940
5439539
1879647
4548020
4628366
3763302
6896058
1916528
0489189
4992851
2274384
9096812
7173683
9222881
7510962
6459590
4150803
3222163
8645306
6800043
6734067
4269576
4855189
1513739
8940260
3419527
0158735
8599332
9036791
7926142
0938746
1882852
7265468
9566650
2425283
3792831
3145854
3106890
5371848
2464461
5147390
7983080
9657224
9541016
6737729
7667659
2675768
2004557
0686796
8411275
3674203
9306073
7459407
8293074
3902964
6386841
3186816
2420805
0769404
9221595
5952889
9372399
6273569
6355734
0555939
3353641
1501408
4523864
4962266
6448503
9963959
2978630
2643254
5100024
3070521
5775395
8577830
7670637
1581744
6167971
8828774
6312643
4830984
5377778
7354570
1668487
0246952
4381316
6958566
7752937
5512723
0645472
0458725
4079232
1625405
9473020
3634175
8190753
4246491
3957887
6789123
0164432
9834596
1801137
0013475
4565223
9113449
2456984
2601805
8453798
1153053
1481126
6460888
3765954
4269803
4462120
2933259
1665068
3382485
3187627
3075916
8566602
9776724
1473281
6063227
8327942
5400598
7445355
1769879
4412844
4673620
6140101
3294345
3801822
7919701
8122948
6630605
3925723
0643877
6215226
1061925
0905913
4977775
4098875
7189533
4584788
7706586
0244235
3442837
9343572
2578756
3212082
3521190
6455192
8281224
5044681
0934761
7534894
6022153
4322844
0185412
5764185
0547217
4596283
3697323
4787580
0914391
2246960
1964386
8817325
9764235
6183496
4407767
3145171
2553407
6533731
5430489
1082599
4155271
9918999
0666204
9787249
8671788
4905011
6047387
4051934
5249679
7138455
5505079
5200679
3159179
6597071
4034099
8458925
7655168
1550539
3507212
6370976
9136069
9128396
8068181
0556476
1529024
5354731
2396349
7433161
3692991
4069940
3609959
0191424
6040133
5434202
5953094
2606445
8979419
4231310
6774660
8629372
8302791
4534208
7703666
8765353
6900250
9298749
3168530
2931787
4484184
4018033
0858674
7309544
6229326
0807919
4434789
0811794
0454086
1174585
8311573
3643743
6499140
4039726
9996690
1958546
7513468
0769500
4681475
7096655
9034579
9128971
7082350
3300599
1637073
7486557
1414272
6347892
4503639
4450787
5772811
7595390
8467090
4763305
7005818
6496362
5644187
8479424
0366361
9107865
6993502
3721315
3661295
5772056
9419313
0479220
9951021
2734614
2609533
6739723
1449913
9452038
7902160
5336107
0552486
1403856
3795888
6576090
4819938
8444992
7412391
2615459
7486603
8356628
2319738
8157742
1214947
8320385
0133349
9198704
9912889
1401891
9566026
7447837
2876035
8098043
5688595
2223041
7523489
7002808
3053814
8759968
5549760
9268410
8953231
0327112
6560580
9014430
9410580
5070277
2588050
6803087
9991591
0085642
9191070
1130319
8428011
7688431
1679737
0529079
0600399
8931661
7091444
4994134
7415341
9104386
7165630
6084208
3687037
8514720
1024411
7187128
9767084
2295686
0054689
2648104
7529340
3554169
2653737
8414389
4212423
1773328
7486824
1502421
4262995
9102616
4367057
0414652
1426102
5594224
4711847
7950342
1540552
7253978
9934729
7891205
1209047
3642082
4796050
0147613
3402925
8284597
9032874
4220657
4530143
0404334
0164528
2597903
9386140
0723974
0137238
0215511
6927047
7065247
8746476
4332432
2792746
0919144
2356123
3998092
0358595
1650998
8665109
6122973
7739282
6881323
1199786
6879914
0740220
3089852
9750594
8039405
4328569
5960501
6698096
1901799
9018064
5447063
2256463
7797431
0480636
7758605
1051004
1382027
0246576
2533490
5098851
9038743
3188922
8590258
2174235
3790945
6665063
7232803
4037567
2409609
7496880
2388052
1301866
7193181
0370368
1889541
0521026
0784675
5682156
7747641
4902250
2840349
3635946
4052263
3681899
2163679
3394426
9565884
1178444
3742159
1999703
3443675
1429752
5195367
9358564
0365530
2427276
4942711
3606934
4002979
0285392
4885341
5300688
1002365
6031739
5073463
4895631
3170717
9884913
4521914
3224062
8478725
8971349
0153543
7198038
3686388
3813674
2843374
1513908
4476959
2024328
3983901
9081009
8316013
1754916
2898407
8501450
0630488
0656682
2135189
8777539
9402549
9020776
8914704
9131793
7979787
4764153
4119467
1189253
4026648
3237707
2674964
2598318
2017292
1584254
4678464
2511223
4235131
9632580
3715220
1077309
3954868
3818930
8340402
1144559
8825209
0394910
1390562
7777891
0446643
2189329
1177832
0486448
2768309
7679450
1871374
2241003
2626913
1415301
0592737
5048515
1705833
0010465
9185628
2900818
3284262
9968431
6846753
9485257
7504708
8651804
1357234
7345692
2471177
9090144
3228498
7967321
2232825
3134847
0561828
8712665
3039639
4992204
3688316
8098981
5995228
9346018
0584234
9037710
3718397
6699875
0162393
9551022
1363937
9292964
6614210
5409217
5732850
3441005
2788618
9846771
5317934
2036985
7299730
3600129
6627728
1086057
4797946
7078434
7759313
3507312
0113163
2075378
2242498
6644483
0124357
1666246
9052125
5877081
2991303
2226988
6416969
1403039
3019111
9228970
5805777
3170699
8154323
3392852
8589312
7049676
4358002
7518336
1565586
3320187
4340410
0946283
1957781
5904520
5773184
6151078
3066820
7336098
0428489
9524300
1298774
4478925
5392642
9521044
3916746
7777947
7438146
4152728
2544660
4321956
9080554
6610805
7424495
7429461
2560349
1410133
0447071
4132831
2016048
0220738
9764444
9385585
9625239
0335757
4345771
6895217
4012328
2258119
7265799
0589085
5268115
8661581
8468373
5841446
0241379
7183887
2104666
5156329
8858553
6603493
7918271
7454281
9040605
5303411
3092008
7519295
7008916
5026107
9384714
1606326
5414700
4568913
9746824
7466725
6655401
5710405
2838831
8769860
4357572
1424752
4103861
7129325
1118504
2577951
6853832
9956746
2905284
2393538
1678880
9517605
0999880
0677654
3655689
6095324
4557783
1743471
7316225
7004813
8416398
4200608
0704430
0305449
9051347
3936400
5342463
0728072
9525506
3907131
3749104
3471403
4917451
0143539
8067170
4994467
8247131
7318936
7068909
9734406
1185672
6466262
0435487
9423417
1741592
0472309
6242229
6027266
6422870
0535953
1201759
5887162
0236947
8836151
6753085
2392709
6180642
2310627
3625568
0166623
3808592
1545679
6953604
3669109
4045552
6996230
8648884
4191788
0844109
6459327
7191358
1307455
7068036
9640822
0475056
9885486
9111560
3203956
5093191
8994181
3992304
4122799
5932936
8255227
4755478
8939198
6271292
3806461
5791862
6610288
8893833
4372597
5177164
1294948
2806122
0995660
8394823
5507812
5078952
1406937
3283113
3280698
1275062
3815886
1624126
3048998
3745343
9568498
6039693
9643774
9843995
6519118
8192202
5176050
3187820
6264260
6900713
8288646
8669875
4868589
4173656
0144333
2948666
7302684
5778488
7582963
7068443
2610787
4170809
2208691
0247550
9817476
0397118
5000040
1648554
2700213
5491252
5203398
2181679
6524705
6938745
0482845
3503606
3516457
1502410
9331126
0803638
4084268
0546772
6877489
0151875
3613413
6555603
7010729
1067951
3948112
6521218
0401696
0995769
2726746
6307086
5562868
7391013
1738419
4159819
9370749
6134708
0639894
7128237
1917664
5023590
3498264
6565124
4875803
2577406
8299629
7525579
1748307
6855003
7882224
9696817
3060763
4091242
2980987
0007375
8856876
6365536
8335443
9524708
3024020
2036815
7216298
8893183
9130709
8104864
5463489
8548262
9406136
2378571
4079147
8280003
6113494
9989836
3517105
2727930
6489076
9890395
1629062
5396977
1918253
7511830
0921379
4189015
3389167
1843340
7862696
0526077
3735554
0879397
7091318
5714289
4049778
0456553
0934673
1516614
5326291
2937065
2649996
5315924
4289356
7359944
6014367
2446618
5054845
7773564
2351326
6921239
6580810
4147261
8627660
5249913
9169521
3655513
1403099
4846072
0932154
4166698
8630828
7808682
4713374
0878291
0314165
1799079
9232577
8289587
2253305
9103425
6991128
3879083
8622664
9023479
5540169
8280792
9975673
6806561
0654012
4004880
0566358
2314127
2554335
2783076
8315526
7556937
4647314
2756829
8595184
3230535
5624401
4533069
4019198
5382465
8697798
5737351
0013684
6123678
4455721
9498390
4822775
2228164
5376616
2566031
0417630
6866809
7460362
9760072
1979589
9535167
9073945
7473558
9256486
2822072
8014948
5598184
4049691
3138238
8440588
1361752
9034904
3368155
5482363
5235085
9048352
1434448
1153660
4912188
8459938
2438916
7118729
8807440
1072324
8286655
8803071
2491589
1582507
9986777
4393608
0860942
3534231
2441227
7501346
9341429
4680470
8353615
0505438
1898296
6939890
7419941
7854258
1718096
6240751
8362715
9994716
6604306
3387830
6591713
7043948
8250014
8037759
3559872
5365528
2626336
5844581
3615350
0832224
2255802
3276517
2564512
9844914
4916273
8738937
8258085
8085108
0085891
5930648
7948363
7156485
7270318
3278495
7669964
5493822
7849009
5728503
2150922
0655079
7824451
4572948
5072433
6865210
9391367
5519524
0337742
2349882
9038634
3453024
5387551
1965669
0814281
6053130
0591484
1459415
4269785
4074025
4331367
4694478
9608466
6070323
6047226
4244821
7473625
8877856
7213213
8051356
5378018
7822946
3021674
8989285
4027437
4306792
6868694
4687842
9834726
6965192
0885770
7631454
7529472
7463237
8659301
3426771
5711215
2136936
2077310
3129026
7237891
5967000
2364866
8473953
9157222
4848633
8371210
3887388
5335792
9216220
3577332
7022751
8360541
9673247
3564152
3887596
7326615
3881837
9127462
6864080
0213137
1959793
4730116
0902689
5178265
2850313
4379803
2240710
4916275
9881582
0873855
4404675
8500293
9593152
4756000
3299214
9196510
6329924
5659145
1386683
1508998
3024474
6056630
2194317
7721581
2851802
1092632
3232437
5651781
2252972
2774482
1583325
4892576
1358473
6734307
2495296
4063006
4897662
8387070
3442418
9217071
8265009
3316802
2555088
2042295
6613739
2376193
8826106
6216644
6796940
5619823
4154327
3949066
0975187
0979090
4752736
8496129
6427840
5904774
6500422
1358274
9230433
7284597
5637026
9633228
9599459
1127827
0304227
9428106
3627404
5939602
1755245
7676216
0367047
5012395
2166100
3584084
2005559
8242041
6983189
4929672
9301209
3203381
0052196
4947196
7551086
6241033
7325116
6746261
1248733
8596557
1882960
1638730
6709027
4400324
7240481
7052834
5799893
0607658
9946857
9266318
8730911
8395417
5237412
6871358
9617121
1454332
4301975
3239330
7181138
5606139
4632138
5950498
6697549
0984127
0352087
9707419
6881127
4201816
9528714
9844366
0005803
0289058
1645562
4615669
5290159
5601218
7235872
1809106
7776434
2944249
9189902
5170494
8100682
2529913
6238309
5637231
7177877
7452935
7831971
9325901
4728330
3572548
2333602
7876963
2943817
7013710
0192213
9128180
1576931
4158378
7282658
7773754
2853399
2897957
8643200
8417377
3061093
1882598
7096201
0492358
9641773
8745054
3426930
3078016
9125351
7509190
3460434
1261906
0836041
6917825
1507109
4544868
2485708
0282528
8068379
0295267
8398821
9712610
6883781
3192116
0971700
8186272
6541067
8613771
4731287
1694794
0504773
7844524
6479047
9075412
4454346
4796541
0584215
7176692
3891311
9516866
6271877
6068176
8571483
2095162
9428241
7109165
2746812
8437436
4118452
5591786
1167566
5768915
2922110
3924839
1232601
0956529
3438566
9158409
3069128
5251215
9806993
9185392
4380609
8963274
8800567
2737106
6247632
0467839
8638886
4987282
0570137
6851172
5275749
0290699
5240377
1912013
7665945
5915879
0820932
7082571
3753174
3812395
2666814
5033149
3014702
5006813
6173019
1492495
1472974
8254166
6375874
8521678
6476097
5148379
8574153
5663974
2451646
8799219
9383861
0839967
9857210
4764242
8836834
7653264
9625119
2481836
3224230
1482344
5142422
8637650
8070259
3738816
0561758
1112304
2806213
0027174
1213134
5421470
9879243
4202759
8439203
4904725
3924363
9487829
0392014
2590516
7533376
2958552
8939611
1596735
9026015
3267742
2071500
5156163
9143248
0599836
9057750
8773409
6332552
3871363
7300054
4787884
0736935
9280478
2200532
5143992
9012933
3296525
9053871
9659464
6338333
2239747
1224763
9003648
9087814
8033683
0013000
3012504
2783974
7404809
9952488
8822968
7311984
6817392
4828982
8219309
2580675
9548960
9342918
3678188
6065778
8894808
6355637
8391179
7026198
7570265
5727429
1290429
9405802
2092875
6984834
6870761
1837848
4850204
2638533
0336372
4661276
7282701
0463275
3466553
9395809
5796742
6794459
0063240
0889384
4946435
5919739
9032428
6621684
3848242
1773799
0907731
3935536
2525032
3360194
7642095
8392376
6292373
4223531
2669193
2433061
2641981
7792022
1498153
7168695
4773633
3959069
1752498
3170654
0182506
4994425
5994529
1670097
0502083
5903411
7719074
7491089
4432657
7876590
7431574
5077545
0318779
5175257
6459351
5120110
6202925
6996652
9794665
2436202
1734511
0137852
7081111
7111790
4908019
8259227
0459323
5442549
4878558
8401729
2796945
2707772
3188137
6506577
9859191
9411815
6221423
4660868
7842264
7831339
1305647
2512274
3577197
5838178
5379910
6274359
2397917
4789915
6673057
6820273
9103906
6091754
8563340
4365388
2290957
8837740
3577170
9129541
2013376
5997981
4166785
7007241
9290526
8900431
0625891
4594475
3813221
1732172
1383041
8079997
7563186
6707342
7471587
4880226
4280066
1044676
7964161
8331598
7071062
3368042
1408294
3288930
9654798
2564778
2103931
8849261
5083517
4169746
3410128
6417206
6685110
5977240
8637158
3336200
6505408
6276629
1410840
0044933
6617394
2301096
4891198
6183765
6311144
3399785
5771125
7171013
8089059
3728287
3110361
9903712
0174878
5833547
2846404
2112084
6874150
1520658
4047872
3899452
5902279
3939331
0060648
6625091
7852238
0728820
7148456
8556835
9273949
2764784
3670830
6980763
7600054
2464642
4308132
8867814
6758996
6595339
7144778
7948300
1607202
5648715
3211092
8379701
5069049
9226992
7280518
0156742
3871127
8234614
7552438
2152772
7150939
8387005
7547019
7118548
7682636
7899870
3931526
1424326
2905427
4988637
0879039
6513050
3569250
7100929
8356388
8567824
6483186
4828215
1388898
6026826
6229249
5787943
7122171
5971630
9825018
5394929
9187314
8341801
1139964
6542737
4197614
9532719
9168512
8717230
3354077
3505553
1673194
2354680
9443772
9412815
2464496
5644818
3139193
5338031
1673836
0543409
1309994
4090515
9089119
4495558
6714234
8845749
4299741
3529847
9892564
8957757
6064509
4933875
3245144
7488588
8658521
0881322
6729645
9787243
2818729
6251595
5989189
8659474
7306836
3078899
8761261
1419487
1855081
2326794
2409068
7859278
7078070
0299078
1419724
8380986
7891581
5801360
0472498
5968761
2833447
7805382
0545556
8936540
2136103
7592112
1360819
1894701
0525423
0702207
0944094
7565145
3113913
2318473
3601281
8136843
2454579
7485826
6921603
5900939
3867435
6012280
1243239
3160021
4393526
1115724
9651557
0913289
3449949
4672647
6616708
2954781
9035718
8717097
6587686
2299598
3288527
6207775
2824073
9663695
1348376
9087057
0024297
3811552
5133701
8337795
7629859
0951463
0853357
7915294
2129687
4016068
9917211
8055585
1705526
7319172
0181433
0649930
4702078
7968446
2477679
7969339
3309287
1123841
8060576
6352027
1121236
8881868
9347967
8680504
1133060
0277257
7218881
4063619
5787958
4796549
8812871
9240648
9515157
6739123
7865921
8895199
5895423
9820471
9382436
4577145
2751524
7896333
2932787
7889281
6032003
4724379
6679459
3524639
3215222
8497543
7933851
5713694
1698662
4632726
7025706
0970514
9720498
1737985
9229716
3023405
2972212
2940071
7869175
2952121
0483429
5738277
9464946
4112239
1094625
7846777
8143004
4467470
7514945
5558661
7071011
6593985
9220400
2339691
3982843
8257496
0849858
9519840
7817031
9296302
1616445
2986562
0988308
3062868
5036541
9219595
3180750
0032381
0376557
1750349
9999861
2239898
8477356
9826523
1993186
3479321
9958314
5705741
5072707
5278685
1448388
1830092
9244018
7016942
8848312
8982976
6533773
1222813
4243082
0656664
5001148
1550332
9349840
1429233
1369622
3441642
4372387
3503586
4468126
3869264
6402945
8070612
7980259
4529101
1163207
5786945
1816179
6077028
2422389
1422800
2909777
6225544
8979648
6424926
2579213
9820513
8538068
0574447
4587040
4632886
2916143
6276477
8673059
9096976
5394045
3488483
8416905
6714676
9167180
1304739
0131245
5694167
5521475
4081777
8994442
1745346
2056119
4649054
1168548
5933745
5346720
4545756
8339570
8047125
3048885
3182382
8521374
2300281
9613995
9779281
4174792
7690003
8856595
1900517
9199082
9833974
6456699
4756751
6374982
2432745
4742468
2321173
9278167
4072860
4027486
5404598
0397488
4676571
7496139
3282735
0814379
8676499
1571946
8314622
4755633
8603033
7588475
6617396
0943332
0333465
9793807
1621957
3497016
3380965
9145337
0943533
5393649
0116762
3942581
7455973
3095357
7702036
1553486
7882574
2651393
3285643
9706165
0977212
5777895
1740556
4372271
2245582
1355234
8990383
1639936
0988429
2871766
5834293
8240092
2271848
9999441
6428014
3826366
9935664
8783214
0821970
8703004
9773160
3720822
6027455
6096510
7005862
6523211
1500562
6204883
6489567
2144215
1499298
0100699
7355918
3390598
3926410
4887223
6492152
3409798
6446878
8359136
7046356
1711212
0140082
2059939
3263106
3453204
9477140
4808352
8638619
2298851
1963849
8298927
1254936
1456251
8385462
3312308
2725286
5653594
6406886
5179885
4464188
5155901
5053146
6731736
9422140
4685558
3442820
5418139
0608978
3456623
7229506
0412673
6519700
8225282
6922350
8270751
6101594
9855980
0059787
1550902
9412573
2489444
9283251
7425730
4330791
4786360
1661726
4957996
9978160
5298191
3391075
9461193
7283391
5797921
7874520
0186849
2120293
6713319
6492401
4687503
7892889
5578761
3139757
3621612
5563406
4434606
8087844
4283430
5047528
8422680
7721004
7403902
4293816
0105872
1216951
5016465
2898114
6732319
4060778
5887010
3443423
2486080
4776606
8427269
5952138
7650830
7592707
0718253
1960512
3151887
5265286
4438754
6614020
6717657
6258339
1400615
5160829
3197599
7387038
4346041
3106918
3861790
9540159
7491804
5864511
8254611
6376054
2276489
1561022
8570138
1073675
6376904
5440125
6239495
5350368
7704479
7106414
7594048
4945931
0767519
3608947
4182421
3577379
0379043
3487944
4998012
2533981
4325645
1671814
0253049
8923101
2792050
7435116
1749867
5824746
8480255
4629487
1094906
7607267
1034648
9455300
0596271
9927650
9092106
7600867
7986924
1857844
3500014
7288018
4328059
2084541
2909427
4524172
9441776
0186777
9867820
7528854
6644628
6197927
4674853
9278950
9589407
9746124
2800023
7532838
8009286
4422607
4415002
7104316
0317981
6401061
7117071
0458941
3877636
7752923
6955727
1297335
7676291
4429918
7137906
6303076
3550240
2199880
2300325
0734281
8827463
5289080
2810311
5141370
6167190
7038282
8802700
7617635
7492516
2763117
4847326
3691399
3226825
6197245
1138988
7565914
0066908
6645708
9124398
3792854
1913426
3523573
1019599
5935375
2350540
5575380
0047771
9173132
6987432
7812395
9260051
3639520
9583122
2239697
1047576
6655121
7414106
0154318
1805608
0793151
7505129
4832828
7121908
8017757
3578404
2714843
3256870
5573728
8312971
5769064
5687130
1704525
9294835
5851666
4887392
1091447
1820088
6888200
6617615
9228808
6330776
3591900
8011393
0201234
9428190
1533616
6521354
2951692
7182217
3856401
2182858
2416046
8995046
8346076
4578835
0645709
9336874
5936356
9932049
6037796
2886275
7117867
4268464
2115036
9372844
7768257
8986665
2655013
0266807
1172031
7647817
9317978
4676130
4961996
6484150
3707877
4106525
4586544
0787201
2412655
2338921
6019663
4648023
9806174
2902842
1612756
7140859
8702185
5185340
2020711
9120327
0558517
3491682
3454325
0350277
9199167
8815016
0233091
6060975
5396657
4275021
1580894
4835369
3600912
9409532
6850782
0368185
6120023
0159242
5505134
3928846
4204607
5994778
0122711
2524852
6774913
0358518
5308721
7602979
9189618
4970291
8823232
2414870
5159389
6895644
1348701
3515261
3413762
4343937
4198652
0628638
6784642
9152037
3078436
8832440
6024765
6949215
4535634
6652238
2387632
6680163
0043483
8513552
4591764
7371465
4550603
1917274
7116024
5129382
9887949
4213095
0960570
5563845
3840687
7810692
0501688
4113473
3600138
5403580
4530064
6086143
8150924
5597077
6698761
5383130
5047105
9817566
7148324
3347318
8396882
4021572
2299666
7089591
1748304
2023075
1203249
3276074
0247751
6873342
4216784
9392189
3547492
5730110
8971468
3269109
7428238
8679912
5502272
0435997
0234179
8651098
8763427
2702260
6504221
1996782
7425055
7147959
9746171
3459431
2232813
5914335
5723692
0559638
5092001
3169761
7829787
5026665
1730391
3307780
2964923
3970187
4990647
4613105
5069115
1981375
0777569
2609179
2510823
4364885
3171332
1442507
0269652
9628668
9265985
9672857
7567662
7538508
8732880
0519462
6176227
4651392
1333158
8056293
2266109
9162671
4776104
8064556
9127410
0686339
0942605
4186026
0348859
7097860
7035015
1898416
8825370
1852528
8515120
0527066
1961435
3623937
7542628
6812636
2692677
4838368
9497909
3466415
1475024
8308959
1572299
1632735
3336180
5646434
5987782
1895447
0631894
6903307
4263946
5815942
5026558
7931075
3607448
2394719
2744479
4787626
7522407
6454835
0435259
9141729
7426206
5499824
8383825
7709183
4316290
8420871
5796368
0990861
0133176
0624452
8956155
8301753
8917163
1044736
1573743
7493939
4304210
1593849
3477166
5787087
4015978
8289874
1027221
0976951
2044012
5457363
5943943
1763410
3726169
4617822
8351946
0767677
3725792
3052313
6620820
3593615
1302551
1427095
2135743
2889293
7326605
6026731
3272900
4996505
3005567
0288215
8614997
6260405
2428899
3887754
1532719
0549938
7387659
3833952
3595595
1505243
1167360
0587246
6058882
3810582
9958477
5032456
0367077
7441759
6777906
6583972
7473765
1655664
9814131
6244755
3558250
0032323
6153481
8586561
9599588
6204561
8773739
5654053
2732687
2129543
4229956
8797400
4729195
6287771
6222644
5748509
1179093
2424307
1051704
7785800
8885801
8001647
7624788
7044065
7653456
9554455
4317917
9806967
3192321
7344156
1598505
6281518
5867732
1156079
7866273
7092824
2783100
4294058
4235615
5974716
4077833
7546142
5913167
2642860
7586260
5493789
8053782
0258863
2501629
6584608
0362102
1642822
6862651
6610679
3081267
5923786
0483083
8721040
0260742
6344803
4990219
5941545
3479735
5582202
7796037
7313818
0799369
6414623
4266794
1707709
9086183
6263535
0283618
9240946
2061722
2552893
1114208
8158500
7293985
7024524
9339402
8058003
6335795
0537682
6176933
5978625
6400388
1495228
9539829
6231500
6005152
3429038
0392616
8281194
7731726
9937490
4654991
8871065
1658447
7475151
1186023
4043863
5618112
5984616
3746961
7915443
1721526
8874891
6274315
4980186
4614991
7401837
3172447
0020073
9644438
6631363
7080226
6719854
5825630
1462575
7770671
6297935
4322141
9639442
4572573
6333676
3234086
9383530
1907227
5531532
4012857
9387667
1023112
1152426
6730809
5077729
5175647
1185443
9091872
8023659
2701113
5659401
6345226
1159179
6697164
4293344
5906675
2133544
1394031
9888053
8791501
2426582
7908910
4470195
2131899
8736706
7839015
6638923
3106816
4766964
1362123
6796824
3849888
9302927
2820338
0923562
7201504
7250722
6342480
1630584
5623499
6244530
0556002
2327924
0558660
5572022
6939281
1506413
4684741
3872563
3207997
2720983
4014335
9951490
7417874
3800517
8444695
0602454
3476749
8853661
4469726
2039711
8008729
6595650
6959885
0132456
6637694
4729830
7578054
2596986
5795718
7212593
2898358
0214899
2189842
8370633
1615563
6511991
5592809
7760907
7182966
6654235
9929263
2934220
8649935
5197334
4971139
5111835
4179306
4813538
8688246
2514388
3633036
8627318
8541534
4447342
4880841
2024966
2716264
6562879
5848332
0893070
6033609
6805149
7210064
1110050
0559462
2341387
6099064
0280756
5056054
9277283
6325505
8913000
0166467
6685173
6778421
3441693
8525953
0772172
2893654
0920904
4799254
4420144
2746436
3801809
6790782
9842329
6886333
5607436
5382285
0881049
5759970
0365881
4351453
4855836
3037245
3965059
3685767
0440168
7618872
0566922
7087918
7434607
3352686
1675793
3639307
5193163
9546446
1729524
7933930
9675905
3238180
9423851
5839050
7550460
7859356
5649219
8019950
5783476
7516678
8320181
1636227
5536011
1456468
9360436
5601879
9150758
7029183
1778581
4952316
5913610
8637962
8151278
8886079
7129743
2183220
9835530
0801761
4645708
9964729
0625444
5259663
5671465
1108422
8052155
7827901
7439309
6316992
9081438
7606215
2780876
0215104
4462768
1936360
4345999
7904743
1166443
6741725
8086221
0210819
6782291
1650532
5267612
0420804
4532601
0271801
9411128
5163678
8999482
6930023
4133613
3030770
3123354
2535462
7540270
0623978
3197330
5453521
8351240
1565312
4754305
3962711
1610737
5401866
9487634
6909096
2746960
0004174
5340062
0322706
1122531
7297089
3835585
8669140
0242111
0375743
2685917
0074070
6185878
2498169
2112883
6212119
5045357
1956070
0063325
7128628
6927759
9505073
8531135
8972334
6876018
8588044
7671131
0631809
8531908
8399519
0585057
0682963
3050617
8689218
8976103
9680187
0693855
4514654
9210235
5136608
9406763
1394157
2282271
0179299
1057684
9068249
4294665
4849198
8366311
2422626
9023586
8448120
6532577
8390919
3313372
5418061
7742730
2233632
4658613
6067988
3290215
2187536
1544504
0861739
0570165
8326811
7507315
8524058
0229236
6914697
3265708
9269230
8208839
9126144
8185157
9410720
6213466
8867261
2800278
4908895
4808262
9655898
0775726
9009417
9773586
7271582
2984002
0780537
2533633
2988950
1485190
9535020
8685284
4815203
3269381
4272041
4082307
5713893
0010281
1595568
1594612
3997048
4828230
6028006
3260333
9669215
9059424
3772289
0938079
4165940
1791400
9291402
5566244
7082223
9003373
5474289
8675596
9825919
1644989
2240770
8205580
7008047
8724367
7917179
2025510
6805517
6594297
6684467
0486337
4546162
5447928
2610594
7475548
9314189
1513447
1744572
5469746
9667935
6009398
1574824
2863544
8782262
2184716
5624434
4149917
0793451
7311766
1540259
9639470
3468283
5671259
4123163
2171376
0884343
5679771
7798893
7690807
3090393
2766159
9256149
9729650
0129594
1089323
7691128
4195477
3787693
2467798
1151113
3125532
2511399
8553827
0877553
4080275
2518163
4417767
6965330
6556162
3998615
2898258
3810926
7688395
4354584
4762552
6195172
9516671
4027018
9100152
2711916
0356188
0868045
1182832
6429257
9850529
6471454
5343625
2598636
7402463
8000195
4356364
3293421
8090373
1803519
2323815
9116968
8197086
4848068
3699012
9173854
4110193
0027396
9635873
9898538
7664060
0859317
4340737
8895928
7356777
8055449
6195629
7403572
6042795
6734342
5347277
8899488
1263746
2504879
3292190
2100957
4230006
4617139
9035909
1353607
2170892
0300119
1126042
1285603
9387304
2081558
7371514
8835557
4154908
5946128
7789122
7629582
6317389
0073670
6883225
6122289
3887213
9964116
8763803
2635412
2295817
0935486
8996616
8902894
4647048
3584332
1561847
0082619
1949905
8712774
7762188
1106386
7179103
7021821
6551885
3278080
7267678
2604944
1683795
7933970
3816426
8113133
6229600
3100661
8903181
7247267
5022616
5565890
2164360
5087350
1049151
2919699
4917617
4611264
1536141
6921742
3337839
8465821
9074360
0913900
4428448
7253271
0656286
9191624
7547485
5234210
4331764
1961564
0271009
4315442
9234935
3951997
9070485
2354647
2614744
5450734
7764129
8077456
9152649
6362708
6525975
2894901
3899260
9178697
0641248
1650444
3737785
3841663
2350984
2307837
1192750
8551849
9843020
0777322
6662807
9741298
1138617
1307444
1355920
5371286
1353613
4030882
5910639
4948348
9485059
8669190
1432829
2768504
8900200
7075653
6506609
6846175
2535913
3309846
7628804
4085815
6462314
1898190
3989274
1977841
2242596
3036826
6232250
0047368
2689670
1860054
2938870
4801354
5889130
1858694
2175317
5001077
0290487
1290234
9842819
8578593
5329450
1369220
4182915
6365584
9517951
8750058
1042346
1661996
8036973
3015866
6311630
6620122
5054733
3775862
3466101
8146591
6020134
6365503
9331303
0199838
2890319
2489218
8146548
0220874
8116705
3717872
2867589
2330975
1887366
2931891
5743633
3321488
8299248
1725394
8521608
7492567
5691894
8021650
2511709
6242096
1882316
6089078
9162856
4840374
9803908
1338180
4467040
5486585
7051747
6746700
5477124
6111941
9789424
8923464
2844797
1976507
6663923
7127993
3721984
2803835
9299713
5582155
0749556
6273273
2089494
2437313
9124694
9214473
6964782
5663415
0559877
3127354
2591221
1140205
0433002
0665815
6537208
3044999
1459746
6453459
2232787
7928244
3567296
2152604
5135537
4824517
5791993
2881406
1948199
8058445
7527638
0018482
0837885
8667825
4641713
7359514
0406526
9175678
5660118
3636739
6595032
6339927
3276022
3447788
7972974
7253251
7217233
5516175
5394671
7269769
7222260
3066788
7594418
1456494
8237022
8197828
5526086
7372634
6329100
4199086
6306189
8987282
5360246
0602097
1527269
9580237
4908698
8922010
6267171
3215666
7821540
4218534
7169539
1550335
6814399
4953312
4167641
2901710
0860551
8312655
0439812
7324353
2746364
6896821
8683733
9655389
3510826
8003684
3795477
8884169
6568273
7650238
3364216
4256458
5796438
5340112
0943951
0215524
8982791
5058415
2620085
8851634
3529072
8253190
7799042
4305904
3383105
7852303
0007535
6112731
2109594
1724454
6823286
0897206
4969374
2256919
0170074
0821163
1829984
5056463
2165626
3491269
1854846
6240360
9294084
8406226
1784130
5939738
3306651
9414899
6624219
0141761
4064841
9394147
2015442
7497713
0991327
9911470
8043015
8442229
3414171
4308946
3154693
7468308
7107802
6054116
7418476
1128231
8057410
3014434
8287537
7910473
2705248
1720495
3377371
5366525
4158818
2423078
7984834
7259836
1124882
6117410
6816106
0875106
4014449
1667978
1318098
0905544
2076645
2584872
6923560
8101694
4806567
8437421
8970838
3503907
9206398
3564765
8581269
4566178
8804794
5572398
4282300
1271615
7456988
9013239
7186128
0700718
9294696
6217146
0423255
4519649
5438698
2242376
3647485
0308857
2137160
9479295
1716176
7143343
6614862
9539147
9689267
7713362
3775306
2392655
6458734
7364511
2743990
3772290
0521762
0524772
5798249
2636607
7185186
5150008
5121505
8119794
2764818
5688290
2924413
3421464
2044472
8317626
7737894
4287935
3517739
9284953
1042323
8768471
6176398
2569684
2527609
6093348
3852652
5577011
1960812
0532617
2885250
9701836
0221759
3865355
1001446
4792201
6050521
1268732
9760613
4734294
8905396
3290433
4116068
5414596
5963566
7417680
7517082
3754643
2345506
3392907
2152193
9253098
9982965
7452968
5648415
1049656
0302023
8277667
3948332
4037671
5930375
6026587
8639407
8034662
9829285
2162185
9335714
5179430
7890036
0583508
2291376
5728890
0593445
0655907
2525229
3217347
5391243
4524440
7435959
8775746
1785346
3605598
8138459
8839433
8122679
7339685
0702943
8570401
5760396
6318291
6874804
8749961
4405564
1124180
7869306
6422921
1111710
3700172
3594045
5703051
8842708
4405545
1547496
3061899
1829820
6139125
3505215
5154738
4496175
8271671
9637635
6749228
6310403
9173001
5478299
8740597
2123892
6493443
5332067
3836112
7868950
2884176
6903546
0709442
2244746
1581395
6396576
8587756
5786923
1906432
2808893
1720856
3261966
9487294
6861091
1587883
4054803
1638522
4117732
8651305
3158682
2573912
4911552
8890123
2540589
3389987
3513988
7970337
2793168
7220425
9925880
9162959
5956399
7649406
1988817
3952873
8527523
9857421
8547326
7115764
3295669
7393882
8156059
1663585
6990404
8419482
2150542
4839778
2673236
1429780
6057906
6513472
4824892
2658887
0601151
9827263
6699472
0780738
5136932
3555812
4219442
2182095
6066349
6001331
6027096
0971870
1146697
1254702
1101183
9146056
5599356
5296455
7898348
2827425
6410043
9780509
8628256
0331194
4356487
7222606
9380436
8749939
3529243
1934595
6783213
5539994
8423491
2274351
9401191
5856476
9802951
5361040
6593325
2413278
4918215
8012774
3100966
4067466
2866019
2062149
2281119
2377176
5029176
2980889
2376042
4743799
2616330
8801539
0117279
2998721
2385899
1590046
5883622
0581828
0926860
9441931
8863416
4030603
6760711
1192616
0490692
5423054
5777100
4863647
2275408
4919088
5903326
7042807
4522346
3472201
4942011
0546416
8772318
7389461
2115964
0915597
9214601
7095248
9741675
5594420
8755694
1847795
1216840
0217029
8502970
5546919
1582422
1723544
8224853
3199907
6846486
4449972
2680877
0155680
8731165
1813023
4126492
5650995
8795457
3811927
0266280
0277867
5584280
7492532
1243863
2824686
1581785
6414224
6092589
5250353
3476729
2778466
9698739
4907880
3102351
8226799
3050523
9950984
9456533
1903868
0276903
3792525
3564390
0417787
2434138
8889885
7141362
9297561
4693633
5184566
6938005
8083143
0065816
3355849
1714323
5145245
8756537
8504761
1050950
3160466
5189320
9549845
9033546
5640976
4242546
3953177
3992825
7018570
9567065
8642069
6066825
9936945
2886031
2656124
2006770
4466461
2258008
6655580
3318327
6614488
2499143
0576521
7634466
7768713
3996564
6582627
8276313
6304327
7111984
5058467
7573975
7570753
7670815
6782377
7739291
8292976
4640211
7737697
2665982
2532249
5830591
4157843
4365940
2104507
4389266
8980780
3294671
4231548
0182437
8822722
0255907
2202703
2240962
7986697
6381761
8758402
2188831
1013357
9409958
9895034
4203126
6730244
8480408
1305789
8448703
8824695
2210697
7917996
9790906
3893053
8622603
7497087
3934430
6502034
2712986
7127945
2189965
2661213
9798065
4062770
2257787
8692255
2928583
9391254
9583677
1343345
0474765
0027962
2784598
2073836
8118750
9537417
0471475
3132839
2263865
5023633
3397964
5923845
1180099
5109191
6138562
8386756
7892020
3537078
8484224
6197961
9149342
6831731
2113163
8931080
8200283
9360112
8884239
5174103
7829384
5745152
5653938
4785892
4210168
7407742
8148218
1367586
6331447
2682396
5784367
5271588
2249280
2392811
2158500
7438481
9798569
7773537
8317206
5966657
4190475
2768355
1058643
2134203
2204293
5392495
1376303
2339812
5739466
0051055
9440599
0678820
2122969
5089242
8183681
2740129
5555008
6953731
4678418
1963770
3332052
6613463
3267339
7521827
0630821
1645221
9925974
8073866
9359822
2244507
2995459
9816415
9170473
0778050
2344941
4276275
3258513
3540394
2790363
8091925
5104764
1970064
4049300
7976186
2418000
0057839
4123120
0514423
1946019
3956065
5913805
9327030
7088616
1304980
3694204
6460292
5004377
8802637
9346445
0560888
9777115
5932968
0192983
6985067
8017096
2697531
2068111
0867503
7851906
8094507
6030333
7024468
6070801
7129959
5462495
5060172
6790025
6889198
2371439
2481510
3125768
2246153
0688701
8458653
2686243
1179785
0860570
2405302
1007169
5515679
1826996
0962795
0446853
9199807
2225698
2996539
8015511
6583969
1254611
5465438
2161767
9241428
9379789
9937839
1853844
4237541
9660832
2930316
2303172
2007184
4453948
3804863
0755813
0191197
0268610
1368559
0158888
0541631
7538121
1623896
6662961
8706563
4302247
0204199
0132058
0760277
5397865
7754857
9966548
2816286
2623391
7608095
0561724
1686457
5734799
7506588
9804162
7433914
5817579
5497159
2736315
1942957
0088499
0502782
7698881
1012790
8286951
6119894
2446269
3539181
7691350
9381666
6451753
4506943
1423490
9269835
5149162
5236998
9725659
0480474
6162930
5813027
7100377
6393316
1407450
0715189
5498882
1498405
4159569
0729814
6198149
5217035
9567672
1940055
9977703
5225849
9397310
5458795
2942151
5727924
0565606
8353291
3772393
4306945
3006039
0386261
6596913
0428995
3334197
0431002
7085673
8954487
4390857
9518493
8767305
5477782
9481645
4124541
7716528
1235729
2694739
8997919
8592416
4633567
3386843
8150103
4944687
5593934
4142100
0558337
7443675
7060933
4384174
4656116
5556843
2560936
0527897
3400374
5934588
4721904
6510993
6250942
2984396
6634701
9065421
4301121
2718412
9729590
8778708
9447643
6123648
6407613
8098147
1135770
7682908
3489481
7413368
3422516
0782365
2474519
4411658
4729524
0124802
6714120
5032285
2519815
4454064
7240645
9133067
6831650
1351188
5607640
0603924
6660793
0513883
0192807
5282968
2102140
6086841
2386541
6459427
0567715
2502114
3907485
9674990
8844692
0621821
8416539
7672555
6630977
5278509
9713393
2727839
7859929
3295315
0984027
2131006
5329292
9286104
3679472
2237110
7639688
7599913
2096158
1071788
7956758
4386346
2821899
8328719
1589603
9667493
3055753
2591981
5023121
5671991
7679058
1301922
8542177
2582790
4541347
9524767
3784553
8771479
2238297
5266718
9037938
0385934
2895553
9102834
8479394
8067137
5282568
3806724
9679581
1470104
2979654
0475176
5682947
0324586
8642240
2687924
3822929
9495721
9365353
5412204
4510320
7255131
4168298
5199402
6366032
9615965
8834330
6054541
8784578
0955313
8177529
4432626
3794909
7865586
2312271
2374008
5331045
5965544
1119891
1105001
2936379
7699856
6803096
4819480
9972074
8175536
3985316
1924762
7466676
8411102
8707910
8470854
4790143
4673857
4308373
9644211
7906965
2632925
1198744
3926753
1465544
7806246
4682185
6649983
1329529
7428055
3243247
6746177
2019595
8045081
7763968
8141498
6687887
5040974
4192416
7154227
4479563
0263686
4447852
6948993
3284922
8232135
9096727
1725415
5885027
4209942
8251025
6792920
7329854
1044433
4446348
4204595
6728070
8819123
1788026
5042254
6856753
3469203
4726485
5478789
5214615
7526904
8348632
8494894
5242298
2103734
2196345
5651841
2078115
7011826
1645591
2369337
7028544
9655080
6021135
0632981
8400159
6123891
6703505
2951753
3776734
7068945
2583010
5197711
3372454
7468234
1456693
1550588
9136579
2471204
2265663
0152631
4464817
8625462
5855884
1659334
0100652
7422495
1994831
5473500
0716608
2860797
4546482
7055467
4234450
6586964
2550682
0199407
7657138
9932070
0351739
7736007
9906510
2769414
1814356
0918401
0859962
5104800
0180564
5692150
9830687
1748154
8124587
9919237
1949611
0391404
1879025
1373198
2441022
5226854
1678550
2843089
7656105
0686983
9702548
5442812
6816989
2936749
2871083
1492096
1201428
8773376
8893859
4749301
1943654
9005587
4507449
3881758
4214373
1149376
6635948
2114011
1811509
7273757
1668749
5666443
6821934
3885212
2116593
3462804
1417094
4116421
0198826
2033090
9340350
7659438
0586105
3776685
6962041
8605638
9599023
5930181
8299318
3334360
8207674
4448980
7831139
1826390
9877216
9142639
0823325
1673765
0506643
6195247
8766047
3158949
0211925
5336021
2010392
8617123
1680455
7244564
1468740
0174908
7869070
2020283
2401733
8635121
9387731
7213765
3999173
7235107
7754102
0447767
5017124
2157025
7040036
0452173
0118669
0782256
2406640
0602959
2116243
0676112
8542228
2751091
7983868
3509162
1909987
6668147
4757363
1327001
0623618
2344839
2568418
1786691
3234114
0863799
6103620
7852969
9694494
3195151
6981598
3113177
4668795
4714680
8697315
4306554
2412341
1004876
4346744
8420921
9232547
4054763
3910532
0626719
9462328
7277025
1586888
1157121
2768946
9424507
2025490
1463307
1194463
8729412
0181206
4757863
9839537
2656512
9925154
6016967
9275066
5193727
4583453
2644115
1304078
4027749
9969083
6621768
5126147
7346267
6791798
4784908
4443211
6102805
8469531
9639215
9155440
7411518
4847064
9735060
3126939
4527266
6616737
1947692
4689480
4390770
8358942
9176820
1517323
5435211
6500348
5111219
6199200
3880612
0437297
3929091
6679578
1408673
5449951
5515611
7912214
9400263
6687073
0401407
6049564
5541379
7060460
2407419
6155871
9560319
8273593
1925364
3304554
6377108
0807450
3445283
1975654
6616801
7679166
5211691
9890529
6397104
6454858
9858933
9228984
9837465
9072511
9531119
9533402
5368679
5696710
3973241
3325803
2245818
6767947
3684382
3531064
1873616
9520271
0230578
0716193
1369897
8210892
3420061
2956548
2809454
9439208
4448761
9736152
2565088
6461145
3929703
3306720
2944155
7080029
6883090
2590224
7589206
4958090
6548746
8961107
1089433
5455708
3549886
6341979
3853024
8821733
1644188
2259350
8642808
3896555
4264614
8845106
0679736
2061999
0289280
0664504
9862214
6763792
2707617
6795218
1011707
2892924
0675981
9783162
6406904
1552024
3535305
9732323
9076713
2785219
6163562
3373575
2213036
2221563
1297780
1131300
1821456
0396282
3984218
6869491
4749923
4907658
8352859
5213843
1326850
2313370
7988735
3097505
6506195
0385252
6533377
5704223
2681967
9516330
9587562
2093522
4541900
9015579
4729592
5506712
0012590
0358624
1100088
3318635
7286782
6349686
1448489
5645646
2607018
2410503
1966891
9685536
2115742
1607255
4869133
8349357
1687362
7320648
2441886
5442143
0267472
2760727
7850640
1777164
5100114
8034881
7218879
8377450
0127259
8007854
6352703
5476609
5769688
0970613
3749488
6453040
5239673
4913435
3641202
8366877
0136318
9917280
9404030
6026127
3935145
8093423
8533642
1552440
8804206
4351516
1782302
5129171
7289820
8148754
6268508
4772132
0213650
9653167
8795918
1079081
5628500
2736332
8761087
0030561
2200589
1776699
7513331
1035736
2695526
0733927
2246758
9594471
3982830
6018909
8254688
6013859
4773746
6221115
6777094
3515511
5884427
5425275
7831344
3982970
8769999
7441703
0098916
5068653
3710949
3874133
5103702
6971797
6375427
4666962
4238547
5402046
3287419
1950949
8302197
0775146
6901846
7462186
7075722
5480972
0469123
3748322
9722471
8522607
4323879
1889938
4660173
3527184
1455832
9622176
4188850
8915117
9315946
2595124
6616581
1867990
9125004
3298992
1938082
6669499
3615846
3491791
5838971
7905934
7244473
3277294
0644842
2316674
9592484
6157575
4103990
6096840
0048616
1671964
0312643
8499407
5993216
2794065
5866687
0019315
5221154
8095693
0266913
6461953
7920366
7759254
8709231
0119826
1399329
8838001
9956963
5854349
9756054
8231515
5219463
2781870
9336877
7918360
2748870
2287357
4858441
8151052
5435855
1302324
8057675
9011363
0427267
9025895
7804149
3052181
3427903
9548475
9153420
9080928
0849692
6442198
2181701
5555263
5229372
5782211
0689994
2658692
9469806
4328549
3938595
5901192
3360872
5777260
7917356
3237038
2076314
2474112
7322220
4326290
7071517
8307763
0701884
3394401
4280280
1520219
6806782
9576439
2806262
1890407
4146560
2963924
1841433
4934668
8512102
0565820
0795299
8078025
4509489
0791108
5657323
7838761
6802287
9561376
1507156
7714062
7084269
0413727
6821005
7079974
5784467
3932414
2047073
9398855
6212965
0170060
7683049
4798812
2822595
7484833
9921341
4088359
8484106
5262867
3259963
9196210
9246801
4820578
1314668
8412580
4406928
2483569
9178810
4603160
5731987
1166795
9502407
6378636
4095121
3430467
5297588
6561583
7334296
5357060
2012101
2348417
0532602
6336924
8161959
4989968
5343399
8652201
6470473
9636567
8054123
5154204
3393226
6527615
0386181
9649679
7327925
3721169
1222006
9107209
0724131
5136486
7118885
5690832
2096609
9149515
2494577
0340598
4988267
3326912
0792005
5150284
0944571
9147422
8184160
9659404
5797746
7956788
0569625
1344810
5404351
6500415
3989554
8602162
9633200
9008711
6787172
5003192
3440206
6772018
6324004
4056081
5116937
0738793
1145570
8459417
9454373
9198632
8054202
8364874
8968744
8335177
5520664
8123295
3771806
9771183
5175238
2290337
2937402
1838952
0644503
9482309
7544550
1971372
0992314
0149602
0114905
8435570
5914731
8105377
0246884
5175730
3604476
2804112
1435449
8513747
9852403
2614656
5429613
2884789
2419319
3851118
5979740
0446576
9327083
4395112
1966359
9585459
6722539
7280749
7318150
4629485
3250622
2774530
9404683
5896221
4541025
3292816
9992435
4186817
9692586
6729891
4282728
0575715
0347135
8422537
1846432
0124550
0672066
2988540
4183628
8820038
6109646
4700863
7241889
5862814
9724204
7632413
0625797
8471197
1653587
7829268
2811110
3067261
6062240
0437856
9817507
7132984
4017135
4513710
5766173
1133268
1446658
6157692
0643164
3572902
0637852
7978594
1401164
0083656
1294238
9584404
2111288
8805099
1781747
5489315
4697788
9389386
8475072
3047765
1084728
0252874
0567854
9214785
1007382
6510886
1763632
8753615
4836280
5405216
7837831
9717584
8346532
6197107
0166158
3834187
3324692
6165972
4994575
6106408
5534302
5976142
5874295
5719511
0827873
0929441
5476048
6322637
5534259
9280842
2366933
0297184
4051058
2871320
9360332
4878664
2683892
9551854
2152934
8836160
6842586
3778598
4294153
9010275
6722658
8024704
0858592
6321844
7340304
8894198
9079844
7827204
9922873
5618528
0907878
5531051
2075901
7756190
0258988
3170254
8263730
8906626
9849304
4905065
7456432
6019249
5733562
7285469
5577078
5732660
7476119
0865076
1472572
7899022
4288809
9075100
4791351
7017029
7314343
9372995
0522572
5096830
0866186
1303341
2116840
4188217
4803403
6645184
6488597
9969608
6204306
5000642
4079033
9182644
1121724
3256242
2658389
4142254
4217660
9249807
1672805
0486221
5250096
1186325
0730381
3992236
4561284
3030069
2379381
4295302
5119498
8511490
9245131
3950599
4661925
8571901
2183018
6808787
9093612
5057704
7267357
3385058
4744724
3049870
8595999
4450094
2077923
0493514
3549008
6184487
4022295
0870767
4074113
6462903
5004878
6995210
5336237
5768564
8612060
5282353
8638741
0431152
8666540
0002781
4953940
8094533
4787731
5913895
5172195
1497105
4688111
3114903
1814663
1662323
2045201
2687442
0398502
6501551
3069631
0884802
9435032
9457609
5111836
3125006
7207043
1348912
2511538
9680589
7545649
9138606
0951327
9445240
3735399
7459125
4909166
8158285
5271124
6224732
5116318
3975431
1481568
7016814
9985659
8007462
4350595
1967379
8485439
9994372
3798588
2008271
1939420
8621096
8306870
0050553
1055606
9110347
4905460
0101518
9130635
6268169
6849536
2668142
2466197
9395232
8762794
1915725
8395704
9600410
7742809
4204507
6778616
6572557
7280005
8444781
7465010
5411925
7451316
4145271
7154666
9903606
1364914
5695817
6200965
0414301
0603694
0210708
0635263
6848518
8233846
7971769
0073543
9544176
0583599
6571457
5176941
5867071
8853074
3745958
3515547
8932934
4669595
3411327
2038391
1865643
5341790
7238288
2417694
4444865
7986126
6151446
5683322
6758704
0614128
2596792
4984360
2967279
7149135
2363430
3371755
5569799
8197698
7918916
0497181
9635180
2448941
4412823
1870383
4869331
6294707
4422240
1741373
2104979
2296912
3353364
0593858
1274472
5297187
9200332
2811411
8430920
0380362
9138453
5692140
6915508
9129680
3964973
5628111
7756149
0201057
6144823
2801793
8154600
6413028
4536551
2141136
1464545
1990092
8634616
1234296
0966583
6763532
0217908
1237718
6749091
5105171
2855852
6839871
2449850
7335446
2542908
6330784
1541258
5016160
1372616
3912806
4112188
6739498
0075611
8730496
2343660
8157414
2827724
5584579
3020638
9335468
0090268
7442500
1413457
7416548
1653020
5255575
8481631
4727275
3148940
3387126
3389264
4241085
6812798
2179428
4459637
7579271
4817232
5856234
1090756
5759625
2172441
1347001
7742904
2942312
5833135
3522911
7287818
2788746
5599771
8370883
1586434
0133106
0847832
1994955
5323438
9105073
6879268
7953533
8641136
0211816
5268435
9653993
1501702
3244024
2483576
5041430
4717272
7935661
8087217
3222936
4903121
0022074
9740245
8712508
8645317
9918361
8726085
0932326
6772383
5343587
7727397
6981093
8995161
6707316
6059219
8929195
9126450
1335617
2428872
4886332
5332457
1790868
8798654
9782302
9483298
8384214
8730913
4284778
6042209
6511690
7393470
5638765
5642978
3277888
8182196
9875799
9270385
2777771
1079816
4835714
1812248
4348790
1351524
5695720
1448935
6462811
2639918
6049266
4275336
1783414
7716468
6347621
1753685
0274470
9900757
5582047
7950601
5116138
7193080
2408324
6149335
1890594
4838436
1626504
8838476
5191949
5035283
4566181
0934607
8264915
7851153
6702808
5350229
9189356
6194544
9181390
8424266
4504682
0150637
2100973
3549246
4981246
4118981
5416837
1708734
3627530
0615309
5903844
7389885
1898370
1343590
4533741
8836838
8891084
5405493
8174117
5669805
3181722
1032471
4454851
5908908
7572506
3910709
5466690
2648505
8653652
5184742
9496138
5754570
9936467
6103661
9326753
7369496
9424102
0108442
7014027
9972241
6946171
9991968
4729531
6600273
4660946
7230083
1586849
7594685
5208263
7010320
5797377
1614552
3913717
1078084
4269572
1091034
9007556
7696033
0498089
3860736
4621011
0169722
7012344
7331216
2875368
9391938
1468028
6915749
1747149
6682928
3240743
0751228
5151907
7016771
9238753
2461325
1257446
9973401
4107506
1739879
1033926
4341690
1428118
5498780
6088406
2303259
4042884
5925356
2284006
0590007
7496147
0696399
9969283
6767732
1453109
5357051
3463637
3216481
7338631
4108984
0570254
2810188
0060754
0989193
7705174
7915354
3711821
8666950
7622132
3382366
3281396
8279132
3322641
1907584
5700416
3470630
5224966
5403111
5556709
1683696
0017295
2739437
1801559
0421686
5728154
6316689
9673696
6390284
5315731
9353410
3841832
6436371
7893214
8574441
9456045
3160181
5154895
0898832
9838332
3446729
8810186
0247404
6798045
8602296
0675505
7493440
1456647
8736387
5265712
8277928
2751948
4151655
2822133
8440746
8177512
5423947
7793315
6638578
0905541
2541258
3029159
0057396
0458091
5311649
5582709
9764375
8653323
0509545
7289919
3980700
0429118
5461255
3811058
9135484
6453649
1960081
8347045
6294852
4350513
7444425
3684225
6528174
2223161
2189687
2076730
6441822
9487514
5051403
2468839
3087850
9427253
1833991
0407266
4726519
7697123
7247057
5595495
8449487
1315971
5552115
3530766
5921907
5076073
0291104
4849235
2655730
6678540
2112410
5473195
7241839
9622171
7208063
4398058
5767199
8688884
2049116
5822742
9125066
4159476
7818663
7518933
3962204
5190220
2067046
1503162
1162344
2282476
4170078
6664030
0064974
1158402
1117000
8292306
7179631
4009193
5874144
9324581
6985263
5703407
9095042
1562238
3776725
0781703
8030992
3176526
2113796
6457461
8340745
3000910
6938945
2476722
4189116
3128600
8656145
7048216
2856243
7319619
2789517
2340043
5128192
8055976
3817680
5305866
9042497
3106979
0002394
7446870
2696234
6771051
2916248
6908018
0730012
1764712
2054864
1950415
8775834
1335131
9778132
9699745
6558334
1403786
0151253
3787597
5237854
7908428
7970138
1014497
2797848
4966260
2853598
0675213
6695155
2302928
8593323
5213711
8896215
2238429
1012049
5807155
7833343
3284963
3718807
4505701
4549322
3130579
0605620
2107430
4029246
1084836
1395155
7354589
4524944
5064735
0014171
8153504
7295112
5108073
7757621
6676930
3971235
6827951
5523839
6680747
9585410
5995626
4573569
3648647
3898191
0984413
9047260
3609539
1048693
4247643
8759355
3634470
9251880
2340191
5047409
8567063
5883384
2845758
6239552
3055836
4337646
3547771
0913326
8390036
6258889
3631793
5626470
1073136
9442711
7601415
5703565
8821647
4136676
3867186
4307212
1126518
4947102
0222113
3352341
4648536
4560629
2325124
5320869
6062713
0820974
2400962
3130314
9468404
0743052
2933670
8643338
3915673
1424942
8234877
8742277
6258614
9916168
9429363
9310538
7171080
9851058
7418360
3140459
3588989
3958906
3598116
6625835
4332623
8112628
2355599
2216826
2929649
5539347
9472351
6800921
9276290
9804196
9029859
7913542
0321755
9905912
9955857
1899798
9707084
9788988
0459719
6714217
8594903
3368318
3089626
4976467
2875664
0447264
9112537
2378561
3664077
6636379
7379843
0888181
2279832
9454313
0015306
3307481
2282725
8007960
0677471
8994926
5112249
4912289
1257231
6125442
8792287
4901727
2766941
7560250
9819502
9068956
3850457
7541128
2465774
6912904
6772807
6612767
5562157
6452631
1521341
3335087
5379663
0928022
6280326
6471139
2438852
6004378
2965681
4143093
6442633
0970516
4744394
9853161
7138110
6545498
3711414
6160289
0890704
3945267
1838591
0670617
2168798
5664677
6757965
0884660
5426438
9669302
9299210
7204753
1338174
5809309
0141299
8492186
0823482
3636670
7167327
8099874
8522576
6930275
1593460
9349655
7551231
2746857
7827558
8275293
9914790
5536627
7963250
3484829
7939224
0149286
8359205
8612903
1268556
4054802
2837289
1120172
8331806
4149849
2842231
3973487
0246274
0084259
2036006
8728093
9968819
9561521
9990679
6624509
1639204
9188414
3561174
8938180
9984325
1853688
0119097
7851210
2342194
9180916
1082071
3809270
7786693
2662265
3828549
1659488
5088170
8065591
0563383
2819741
7748112
2110387
0758561
7391751
9473290
7617647
2842628
0907390
6154864
4042552
8827677
8923367
9795040
6550951
9523092
5854898
5729165
5670595
5882010
0231447
6496140
8059145
0745756
4736152
6158423
7532880
5382793
6323000
6459310
0836345
7617469
3530461
0517203
7143193
9187942
1457198
8341980
4474989
6987060
5366737
6174988
3007167
2826071
4355969
1536397
3623345
8519737
1858441
7448209
0758441
3784728
3941554
5204552
7742069
3381520
8890696
7163310
8279270
9746349
7991893
6265124
6051990
9639368
6997477
0893690
9397010
9057931
1354337
8303599
6719773
1112420
4228000
9219543
6080224
9163653
8323936
2597102
1671705
6641928
9084165
3878812
4848955
0375527
6212896
6022949
9460751
8872393
9665537
0122196
5418071
7821050
3853009
6606197
1513849
1247098
4566432
7845224
2900158
5631130
3753120
3234574
0870579
6537866
5663601
5332298
0324677
9657947
1071126
8333096
0209897
0962310
3821233
1931378
7419550
5125178
6458995
7870325
3480939
0121603
1688839
0009046
2293449
0211937
7544308
6127335
3039667
6355476
5459592
2038793
1959121
0531943
7587950
2639504
2350504
3007916
8616081
2410911
5522756
8882228
2222999
2596323
8174046
2982143
5682651
1775176
9965872
0100335
6681652
8522128
3544999
6217306
4784491
2791462
5287743
9248268
8214711
2518284
3504631
9622974
2289517
0127967
8968235
0326353
4747318
8623278
3467544
9969287
6704633
1261310
0164272
2654359
1098446
3098560
1387034
4483377
6733321
7185273
8089366
4173665
4404595
0103170
0952548
2608462
2840261
5585105
1673126
8291260
3460603
2699676
0546283
8357039
2815447
8526772
0693379
1916526
1698472
9507719
1449049
1620243
2243840
3767889
8817500
3942250
1477536
7816662
9611054
9140499
7427375
5610655
6267503
5956386
8822831
6048415
3934676
8944312
7259270
6797034
8286707
0422639
1091478
4551057
9898944
7705676
9766771
1623682
6456751
3878096
4827321
8168221
9532578
7041122
5280174
9777671
0660997
5221772
2225601
9122936
3707786
1262780
6012769
8294181
5853867
3848337
0049157
5158485
8166557
9025920
8192297
1633986
2966850
1515337
8512127
2847534
2802386
1430564
3284754
1977416
9688928
5774127
8551247
9555168
3780503
6098549
5058351
0610628
1116067
8995483
8405627
8159531
4870815
2962596
5917560
8521552
5803763
1316205
9477047
3055762
4739778
7869878
8032144
2883854
5529365
7045185
8238123
9516229
3746547
8053591
3401653
4339542
7075377
6749800
1762229
2103212
3562357
1027021
6526064
0666556
3965229
8512131
9251258
3131644
6001342
7350814
9198216
6272983
4228977
3979526
8857812
3406770
4168091
0847136
7481947
4380569
8439741
1728481
5786635
8376746
3076310
6079726
1586242
1488738
2870121
5564373
5596802
6415147
5790592
7978350
7756755
9887516
8055613
5000120
9193212
5916335
0183478
5078733
9997095
1300799
2457414
7330154
6314578
9779846
2761671
9889175
2291341
6651905
9069137
0458337
9676261
1617949
3332446
3354700
2389593
9231103
3308813
5162258
6724164
8217553
3692487
1894277
2763112
4388120
9383767
3338483
2707633
4056874
2617865
5788629
2759157
8481038
1435788
3873250
1827360
4635359
4645405
4558188
4220410
6617331
0947832
8835361
9915503
9403332
0525156
3596328
9918475
6714531
9759577
6806369
9569188
0601641
1826973
7902724
5040344
6395574
9371597
5512873
5153265
1622817
4820410
3564566
4976055
7869054
9297213
3301357
8281278
8589744
8862776
9631435
1214873
3307446
3454059
2308934
1423213
4580305
1076178
1303019
6175055
1843443
0832464
2718169
8019663
9808004
0146119
7349423
5073668
4427065
8997347
6330396
8381592
1984513
4378601
4791752
4717423
9573846
0854951
0857533
6325579
2565369
9755119
0332646
6221155
3836936
0106377
7639843
0675732
3730963
4523800
7914868
2948300
6060090
0278209
3557526
9360195
4888564
4448514
6573464
0628047
4219152
6101670
9631779
0685569
5739315
9740517
9959094
3497816
0216923
8721703
7564595
4916783
2504555
0686832
1619512
1441311
3222764
1857807
0048797
9210948
7960772
0749690
2761102
6146966
9993704
9260738
6564589
0747482
1038829
0637692
7902364
0151381
6241981
3994205
3146291
6279096
5099577
8708924
9564910
1797202
6926083
4510655
8313391
4178555
4391901
4041651
2705051
9128606
1990601
9138555
1848334
4340612
6352447
9659105
3362458
4056276
9735833
3204263
6246045
6819560
0623829
8558737
1620839
0514417
9016407
7255831
4471972
1512154
2748213
0077253
9501153
2207854
1891299
4768675
6056968
7110632
8237148
0239105
4238373
4408700
9836653
7006706
1181527
0734551
0785413
7838855
1373953
4337291
8044369
5346666
4387778
8964993
0464117
7185041
1046567
5696171
2272201
4461902
1178717
5808998
7580190
3398932
0217319
3045436
6392009
7837719
2784528
9322097
3151428
4469263
3277895
1994446
3222652
0964371
7329083
6896174
8349055
4921671
9735716
5240188
2321631
5619466
1769713
4033855
2986242
2093029
2595542
3879864
6798754
0953692
6300249
1278333
6058604
3250525
4970193
9523770
1814147
8827199
3538826
5751747
7552009
4824639
9551061
1937006
2915949
7746636
5010235
9647658
9577121
3227809
6528546
1418251
3083740
7796496
6912762
4172525
3187844
3501301
8651555
4893276
3910063
2260735
0213738
4518367
0311396
9868433
1355705
5348582
5360948
8005356
1278377
5051830
9345567
7824655
0348652
0148370
7682798
4607030
3158134
3122358
0092995
5099712
7775692
8854109
1229707
9640895
8310694
7212469
5329479
1222602
4016265
1026006
0370908
0589269
0155876
7588040
8540104
3525383
5544178
8204199
0783326
3505999
0784078
5092781
1040276
6652942
7805330
5433463
4617746
3708842
1288394
0544785
7958120
0852943
7579249
9379651
0163378
6471940
6632742
7773252
9935907
5545680
6365427
5274928
3109854
7749282
5545052
5977796
1707796
2531156
4342118
1856653
8540174
0347894
7310269
2271363
4108796
1356435
8680086
7184526
9495084
8504349
9337302
2434811
1642907
9249849
6475463
1244204
9749291
0087065
8627843
9517246
8117063
7129127
7048656
2488959
9766568
9389285
2473290
2316707
1857977
8804161
9380137
4558546
5367586
7423223
6997916
7957982
3126512
3498879
3443379
2311210
6919632
1198421
7494156
8108719
7935889
6669698
7194895
7630165
8441778
6389864
8071974
1289979
5061832
2043624
1201509
6774545
7161035
1727277
0294431
1524399
0836098
3973548
5820882
4472315
8059716
4711494
8889137
8611760
2588552
9366380
8052781
6361038
7479877
0699479
5910275
4140517
4992515
3011663
7408710
1448125
9608705
2796368
4373234
9787646
3193873
8495585
2754343
9642380
9499307
2927617
1634146
3230704
6161229
8539548
7764528
6295182
9042408
9870826
9036801
3434319
8511180
1512134
4733513
8283800
7750570
4453712
2353915
6823135
5290176
3789494
4406906
8131330
1721256
6073121
2666238
0955348
8560938
4591120
6939839
1142259
0649582
4020979
5544241
0168913
3263023
1640002
2372609
8824666
6443846
0816583
7179353
4203676
4472282
3565703
3620909
0800556
5767353
9750094
3682228
2140822
6611958
4997802
4019361
6632503
4874021
9474347
5542230
2832812
5038111
1253899
6456241
7271886
6329518
1779710
1298352
7834166
2124120
4624766
5441779
3756852
3277456
7111462
9380920
5976635
2612064
9756166
9687727
7661674
4319522
3183148
6717141
6835816
8845741
4260209
4401924
9209559
9746807
8365808
1690821
6101344
8121956
8138399
8320023
3509487
6142005
8458346
3807735
3581675
3963466
3379944
4609301
3788923
0363424
0002516
9747172
5259316
7563094
7024909
2675878
9535892
6041533
5554415
4985059
5982250
9544855
9112372
1866464
9934759
0999896
2577285
9056683
8438132
7476364
2859288
2404376
9753548
3503763
1189108
2836867
5000349
6632366
9497848
8238768
7699111
7873927
6871974
1111634
4305739
6477002
6260314
4675288
4029649
3071816
0095618
8982913
5218113
0417286
0786335
6147852
4813286
2308589
2122946
8235161
9786074
7913220
9511714
4698407
2949275
9026587
4524366
4431414
0345538
7284705
5564638
4586690
8082908
7682991
4916352
9633159
6811221
2504994
5729063
4928349
4264300
4907735
1215659
2612178
0507946
5990448
6161344
9904754
4764292
3859402
8939074
2607864
3017354
2883739
7256216
3488141
2626993
2839436
8588349
1255829
7066975
7860072
6741486
3686097
3315000
0907826
1893646
7427399
9541238
1690795
0492360
6395246
5942030
3443807
0925199
9224800
4610416
5312127
7058933
1205483
7140247
3555319
6543055
2589553
9971926
7021269
0526960
3411506
1844166
8099171
0269285
3227137
3538625
9547061
9542312
9020356
5228623
6890392
4404372
8175161
9302408
0476433
3347827
2277535
9826686
1612003
2973049
1444126
8410704
3774035
6622196
4753555
1026288
8452124
6520886
1772271
7965358
5636509
3108442
9079244
9738760
0335023
6802061
5532033
7943979
8680260
5547079
3961585
1225936
9247551
2693689
7644533
6938651
0777165
7075721
8377315
2762796
8007600
9999948
8524188
8792485
2535466
9614818
1708856
8828237
9587579
9620064
3013020
2571350
7466038
0457410
2590105
0152145
0194526
5094523
5601367
6746206
1482974
0055604
0605792
7221000
5284052
2943231
9451516
1792883
2330880
1036327
6894323
8482455
0745641
8588283
8246145
2668516
9168205
6213258
9075088
0937742
3002367
8654625
7937979
8480345
3470548
5002093
8348864
8101271
3953227
5087520
0064711
7826249
2005813
0471790
9254783
8455525
6606595
8960942
9506768
6657380
2480482
1428885
5292749
1159429
1843646
4549714
2528364
5663641
9100641
6185775
8511214
0086894
3323655
8029892
9186123
2618534
5130647
0861836
8526587
0905728
7452542
1850952
8510845
7270814
3573097
8457881
5628711
8675770
3841846
8352080
4434883
9203210
3924774
2252753
2069689
7610453
4285740
8358318
6909657
3917322
8209576
0840101
5006079
3158458
7026301
4742488
5944528
5286877
5909076
3907638
0285548
9174685
1689777
6752752
4438011
3295839
0181742
4119750
7718968
6717719
6132718
0470103
4790810
6978216
6753432
2343441
8835452
9082142
3785657
0511409
7970275
3276834
4175180
4904838
8537975
5303655
5152750
0733071
7783699
7206009
1799196
0569889
0297874
4869030
2798772
9209858
6129093
4955977
9031407
8587904
3198244
7046418
5841760
1232709
0205940
2508155
0399532
7249326
8350103
2766713
3083459
5748671
3962146
7566997
0450031
0693722
0473931
9253088
9104236
9147751
5707208
6794422
1585363
6482481
0592048
0028588
9293915
8158480
2086712
4110714
5191422
3227878
0452155
8815633
0678868
0337250
0141379
0244451
0883134
0148334
7472892
3695230
9904496
2759447
5125530
3153637
7982349
3027967
0107730
5386970
6835904
4982612
8306531
2934528
1035011
7979445
9808636
9755791
7149758
3524451
6287676
8565270
4421639
0716816
6899500
9586970
1776039
5872199
4093133
0557647
3390669
6490488
9692272
6293962
3668774
4078969
5010755
5258604
8035040
1336327
7993323
1127416
7935216
6307828
9997678
1608856
5222484
7280805
2493927
9380160
1982685
8749433
0904353
8028660
6355043
1560595
4067892
3718641
4484597
7402703
5073430
0131494
0567748
4608246
5365516
2554486
2654575
2511438
6484444
2452643
0462595
5128731
5788603
5173265
1512159
4383122
2488016
3311340
0653356
8054351
4655427
1337664
7801264
6628569
8938797
3996621
2335903
3545799
9983256
1590034
0401208
1411125
5807285
6853623
5260142
9709057
9699473
2792498
3021982
1123429
5042934
3104156
6307216
9498401
1238402
6856376
1224564
2769267
7034605
7007842
2569455
9832744
1230500
8551380
7051422
6330009
9682424
4599609
5095455
6050628
6962233
8740703
4853467
8387637
8763978
6897110
3859763
3303228
4126537
2256094
0139541
9313170
0475655
7207603
9932945
9655067
7210822
8092578
5384166
1516145
6973875
5161588
7584357
9554187
2159170
5176780
9412990
8239770
6479306
5824661
6278391
8569191
4258141
4925003
4569331
4712268
8253173
9046986
7761778
6952283
7470719
4928764
1308776
2290395
6743768
1693967
1679312
1650316
4205628
5486183
0196289
8929932
7128724
5151312
9531264
4376818
9687470
7714544
1595376
3979006
1670026
8188157
3241601
5698203
6661810
4689163
7006471
1747090
3945997
8126466
5173200
1109731
8565605
4707840
3217595
5792479
2599666
4288396
6597647
7152723
9735523
3680589
2883078
8705471
5560020
2640158
6873397
8081983
3653948
7943709
3262378
6675157
5590248
2354617
1720200
6964824
1165227
3594981
1184763
1138661
4384369
2093593
7668247
8164252
9777023
6409940
8776355
0855144
1982347
4208715
3084880
2908258
7418391
5274565
6074547
7204420
1140927
7748321
7359419
6483647
0643189
7491995
7090424
5932735
1390406
6371053
8530815
6125440
5555094
3372283
7808874
2986753
2091136
5965643
2527489
3196619
4089416
8159434
2668541
1700893
4775600
7579601
3189745
1429880
8715725
6054150
5469632
2593091
8774488
8024083
1495816
8397630
7159767
0689105
4599528
0694418
5222687
7388352
7815332
6844044
7446955
1174567
5844903
5761677
8780621
1081092
5126210
6248945
6068280
4557860
3438262
2369195
8202169
1948226
0981287
8306490
4617570
0939705
1917111
4923247
7755729
0963950
7173126
8432538
5981961
0777868
4373340
2376644
4799284
4633023
9448534
4395101
5175700
6231472
1418672
7982792
5895714
7426393
3144104
1739685
8166453
7761058
6959212
8472124
0527349
3789322
5501605
5329158
9865105
7418845
6682703
9859533
5780381
6055526
9680785
9186312
4639765
4079762
9014628
0144282
3801503
5048156
9986272
7921013
2207176
9735295
5213677
8080952
3497129
4225135
4742238
8185506
3684783
3311350
8748982
8619953
3537211
9772823
8553913
9202676
2134769
8544026
1685938
4203546
0967768
5085270
0557645
8080229
5481998
5805232
4149505
0466491
4482154
1981155
2240673
8947749
8751752
3573262
5267470
5268247
9683975
4185871
7234113
0532377
0059627
3792101
4770066
4848794
1334434
8819275
9911301
2194496
5776221
4513480
9112347
0296415
4675968
3528294
3924913
6631053
7762711
8086661
1167468
3416868
0659356
3447792
7302199
5830254
4920972
0150334
5351078
1553420
8263037
0608390
7655039
0819016
7966408
2709215
8462896
5852591
0645400
2518691
8404068
2987431
3678423
2525717
6865240
9370988
0061035
4243391
1537065
5694857
0860510
4477172
5351108
0117010
4926902
6686435
6575489
6871024
3670614
6820838
0090289
2673470
8058512
3270385
1337020
1602620
4760716
3772253
4147477
2888654
8359809
9183606
5443759
8764480
7894964
1308038
5535474
8471965
7040983
9005667
5538989
2440815
3379191
0939416
2456117
2639361
0971068
1544609
1892669
4600826
0348626
3718319
9674364
1075469
9253636
0954555
2908003
9569412
6259639
6595333
0085739
3667740
7579748
2314052
7323410
0935594
1060479
5113930
2448653
9216178
2386113
7399050
0322865
6736764
0801209
5699353
1521355
1505109
1243952
4991365
1341512
3339149
9475121
1935774
8799927
0011204
2622134
7792389
8526006
7426891
9854726
4898535
4509390
1438831
5907240
8522730
0914709
0684142
5614882
7624652
6535864
7242139
5871282
0753516
5143951
2839951
8910459
7532503
8742184
6235042
9517705
7850935
7374781
4026651
7977904
3899456
0267790
7267490
0897763
2640822
7692278
2002984
4508617
7040881
8661787
3816701
6042086
4939373
2802331
0577488
2105417
6456606
7825227
7454198
2987362
3711021
2652618
3230113
5394685
0183346
2507603
1231678
8035307
5214691
7604131
8215580
2634165
8274242
4975149
5773475
2661729
9488295
0564128
5235064
4159896
5040989
7369339
1149853
8402129
4091903
5721816
0919673
1963464
5615467
0462341
8865895
5100378
4467018
1825299
4981325
2237561
5849736
5290769
0934835
5900632
8066022
4413742
8424196
7925972
2858384
0427543
0543165
7303776
8980447
9540772
7592508
6194679
6155803
8321844
3759364
6831500
4968463
2326333
8109143
2396862
0197675
5607186
8823831
5413544
9656844
2287172
5853061
3870056
6830398
9706869
8003476
9195078
1980003
8831515
2398926
0337427
9164530
2404274
1102797
9669053
6976355
9453013
2625706
6052866
6481617
6232570
7116713
2472952
1833531
0272645
2822035
2081546
8151948
1390358
2016766
5936303
8667316
0677500
7338798
6295795
2484184
8144922
2945158
0482599
4619606
0239040
2635304
7110521
9283861
0014667
6292849
1028297
4985938
9020122
3278871
1041882
6659932
1956330
6684280
9039843
3869019
8762936
8650984
8367534
9515037
9267482
6158871
4970557
6453004
0064383
4484783
0956028
5353900
4216212
7750768
2546032
5424494
6527823
5695069
1169112
8725890
5942786
1694866
6596535
2482097
2270119
7077456
5275317
2536391
3060462
1376401
1624360
0095443
8132262
8641078
8855493
5595758
4993084
2650341
9362764
1013857
7163330
2172818
7629572
5735680
9870970
2928468
5002819
4568041
1428702
7705452
8010642
3177628
9447676
8690563
8733862
4753104
3708438
0264990
3486878
4145701
7514546
7971317
1252119
1114263
0238965
4347582
1338432
8029135
7564248
5533123
1604807
5653925
5868311
4951648
8132477
8147911
7720075
8639408
1172703
3772692
4069081
0927916
7064186
9587897
5263624
5058803
8615415
3915029
4783994
4077336
0206622
4614416
9782987
4762716
3371058
0276586
2112915
0988369
0539390
3363072
1552185
8848260
5202106
8015125
0655556
5701231
6520810
8939836
4565835
7275997
6154724
1341660
0788890
2560234
3434079
5642119
5870370
9305530
2781265
4839209
4185778
1061919
5220460
0291835
0313256
8535643
6932074
2407926
6004164
6675991
2362127
3455694
2288524
8937352
1768670
8056518
8540094
4078953
3433570
8409758
7438489
8250723
4080251
7612078
8436520
8409286
0715230
2672322
8185021
2025126
8730774
9219531
6280811
0318374
2177006
1908735
7729716
8777143
9496766
0250256
9840595
3025809
6410377
1533219
0344817
1132842
5489360
4963359
5115525
6439269
2876257
4262735
0453821
7707853
8272163
8854829
4954327
3400047
0381295
9577527
2633289
7486840
5868646
5783416
9900952
3926131
9526343
0133350
2424930
6108647
6714267
2482892
7689158
1599782
7314240
5952748
3022017
0805105
1387631
8830443
9269620
1899400
9023760
4692235
8937652
7607799
3746032
3965971
9403450
1152925
6140654
9015239
7809169
2119486
8554556
0257056
0874504
9956092
1602361
5245472
8768402
4580020
6193988
6681329
8179703
4569632
9832075
9472704
4860191
0457476
9798273
8980533
0099651
2852702
5067882
7366883
2640800
5880059
5118718
2242181
2330486
7583872
2961293
6342635
5142194
4641458
2990471
6317852
1783645
7215736
2429694
6854360
6631826
4574197
5418447
2298313
6464916
9746370
2164176
7574781
7349030
2314176
7553996
2259759
0885563
6751818
8370095
6811941
4942557
4931840
8662438
7630866
4335263
7541330
0131616
1423046
1503826
2484147
0730525
1706099
6932012
7276101
4712591
8911369
9694069
5404497
0095779
2576762
8299692
9193796
4507999
6615809
2624777
3059950
4848511
9509659
2978893
9416843
4870893
1570445
5165334
4448421
2607841
5342303
2705604
0053099
1719036
0529960
5299776
2260932
9235910
6549320
8074319
8471738
1456630
2808191
3325504
6788054
9070964
9251128
8954095
2132680
7517207
5990446
7694864
1014396
9572833
5749897
8550530
5862734
8434412
8603783
3417411
7638451
8893492
8939874
6826149
2993945
7208820
8715277
0536775
8434487
3256565
2625082
7784056
4920421
8396176
3964784
4309293
7638617
8318810
7488409
9905161
9872245
6992768
3822310
9253759
6424733
0941848
5952345
1532830
9688144
5489200
3181456
9555031
3529379
2125169
1757787
9952367
8176058
1854913
1225718
8768543
0617014
2724546
7385612
8467138
6727449
0797275
8017617
9428948
2471572
9024899
4661204
6404423
6466376
5778709
4872209
0800922
0712306
9705754
5219391
7471385
6960671
9199609
1978669
4685579
1905674
5592828
7767794
2507115
9158247
7800249
5758639
7943075
1748568
6895967
9649529
9981933
8150800
1912538
8568230
9794152
4767601
5994352
8894687
0219880
1132941
8119752
8266473
7249671
8352935
9821702
0439809
8825560
9348362
8237420
1288822
9489230
3500174
1251804
1528514
0094110
4869553
5113068
7425031
2836964
8506166
0619361
9606767
8359270
7025836
1741354
7419330
6781574
0962416
7911703
4803716
0079598
6828565
5702629
0241826
0674390
0450293
9533814
7190768
9923133
5949256
4179600
8477660
3480564
7900234
2418600
1336745
8337727
6146847
2488322
3725272
6875166
4006376
8983588
8864447
7999167
2554501
1660719
0332709
0801627
9268815
2519170
0737300
4225099
3160435
7822372
3880129
4100380
3046003
6868855
5369551
8814725
2682078
8032331
8015773
4595542
1675489
3348950
5546554
9881304
5604152
3752046
6146391
0763276
6481594
8480399
4749540
2350817
1402240
9696375
9962670
2566208
5606723
3771305
9808771
0626675
5160381
8523958
5424484
5939724
9776947
3711006
1243145
4681583
5915218
0531359
9297798
3217233
0796853
4305503
8948468
3636436
1204102
0101206
0172342
0329040
2039007
8560878
6694604
7595948
9899545
1436662
8373956
6295057
0545125
1023122
4088601
7920896
8630738
8125840
4193585
5911245
5156567
5437325
5685911
4686165
4328354
2304322
5750490
9177511
3049410
5786113
8257157
6486655
8645766
6288142
1077669
8707072
6018061
6941247
2100876
9600898
1155933
5860182
4787627
7195784
2301321
7484510
5795328
7046373
1123932
9298026
8658976
2216210
6671412
2360247
5836754
8427617
0024071
6328545
7635052
4210892
4379193
0317875
8367325
8549204
2006411
0353027
2041665
9171185
1644179