2394
2516
2781
4174
4363
5803
7375
7535
9046
10281
10465
11204
12455
12590
13000
13475
13684
14171
14667
15306
17295
18482
19315
20073
22074
24071
24297
27174
27396
27962
28588
29338
29544
30561
32323
32381
33751
36097
40539
43483
44933
45642
47368
47771
48616
48797
49157
50553
51055
51177
52196
53099
54689
55604
57396
57839
59627
59787
60648
60754
61035
63240
63325
64383
64711
64974
65816
66908
67560
71194
72187
72568
73543
73670
74070
75611
77253
78066
79598
80464
82619
83656
84259
85642
85739
85891
86894
87065
88499
89670
90268
90289
92995
94110
95443
95618
95779
98916
99651
100335
100652
100699
101206
101518
103170
105872
106377
107306
107730
108442
113163
114905
116762
117010
117279
118669
119097
119826
121193
121603
122196
122711
124357
124550
124802
125478
127259
127967
129594
130312
131245
131494
131616
132058
132456
133106
133176
133349
133350
136318
137238
137852
139541
140082
141299
141379
141761
143539
144282
144333
146119
147613
148334
148370
149286
149602
150334
150637
151253
151381
151875
152145
152631
153543
154318
155680
155876
156742
158735
158888
159242
162393
163378
164272
164432
164528
166158
166467
166623
168913
169722
170060
170074
170737
172241
172342
174878
174908
179299
180504
180564
181206
181433
181742
182028
182437
182506
183346
183478
185412
186777
186849
186938
191197
191424
191806
192213
192807
192983
194377
194526
196289
197675
198826
199407
199783
199838
201057
201234
203521
204199
205940
206622
209897
210708
210819
211816
211925
211937
213137
213650
213738
214899
215104
215511
215524
216923
217029
217319
217908
219880
220738
220874
221759
222113
224327
228114
229236
230578
231447
233091
234179
235685
236947
237855
238965
239040
239105
241379
241826
242111
244235
244451
244902
246274
246576
246884
246952
247404
247550
247751
249958
250256
252874
253049
255907
257056
258863
258988
260742
263686
264990
266280
266807
266913
267472
267790
268610
269285
269652
271009
271801
272645
274470
275194
276586
276903
277257
277867
278209
278968
280756
282528
283618
285392
285548
286135
288215
288298
289058
289280
290487
290699
291104
291835
294431
295267
296415
297184
297874
299078
299341
300119
302023
303150
304227
305449
305815
308857
311396
312643
313256
313670
314165
317875
317981
318374
318779
318997
319532
321755
322706
322865
324586
324677
326353
327112
328033
329040
329507
331194
332646
332709
333465
335023
335757
336372
337250
337427
337742
340598
344817
345538
346059
347135
347894
348626
348652
348859
350277
351739
352087
353027
356188
358518
358595
358624
362102
363424
365530
365881
366361
367047
367077
368110
368185
370368
370908
371038
375413
375527
375743
376557
379043
380362
381295
385040
385252
385934
386181
386261
391210
391404
392014
392616
394910
396282
397118
397488
398502
399532
401208
401407
401696
404334
406526
406858
407266
412673
413727
414301
414652
417286
417630
417787
417987
420804
421686
422639
423255
423762
427267
427543
428489
428995
429118
431002
431152
433002
433883
435259
435487
435997
437297
437856
439809
439812
440168
446576
446643
446853
447071
447264
447767
450031
450293
450727
451130
452155
452173
453821
454086
456553
457410
457476
458091
458337
458725
458941
459323
459719
462029
462341
462595
463275
464117
465346
466491
467839
469123
470103
471475
471790
472309
472498
473931
474765
475056
475176
475655
476433
479220
480474
480636
481581
481670
482599
482845
483083
483429
486221
486337
486448
489189
489741
490692
492358
492360
493514
497181
498089
501688
502083
502782
503745
504773
505438
506643
507946
509545
511409
513013
513883
514417
514423
516007
517203
519462
521026
521762
522572
524772
525156
525423
526077
526960
527066
527349
527897
528773
529079
529960
531359
531943
532377
532602
532617
535953
536775
537343
537682
539390
541631
543165
543409
544785
545125
545556
546283
546416
546772
547217
549938
552486
555939
556002
556476
557645
557647
558018
558337
558517
558660
559462
559638
559877
560888
561724
561758
561828
563383
564128
565606
565820
566358
566922
567423
567715
567748
567854
569625
569889
570137
570165
570254
572615
574447
575715
575928
576521
577488
580874
581828
583508
583599
584215
584234
585057
586105
587246
589085
589269
590007
591484
592048
592737
593445
593858
596271
599836
600399
601151
601641
602097
602454
602959
603694
603780
603924
605620
605792
607658
608390
608978
610628
613290
614128
615309
617014
619361
621821
623618
623829
623978
624452
625444
625797
625891
626675
626719
628047
628638
630488
630821
630881
631809
631894
632981
635263
637692
637852
639894
641248
642548
643164
643189
643877
644503
644842
645400
645472
645709
649582
649930
653356
654012
655079
655556
655907
656286
656664
656682
659356
660997
664504
665815
665868
666204
666556
670617
672066
672325
674390
674789
675213
675505
675732
675981
676112
677471
677500
677654
678820
678868
679736
682963
684142
685569
686339
686796
686832
686983
688239
688701
689105
689994
693379
693722
693855
694418
696399
699479
700718
701884
702207
702943
704430
709442
710368
710648
712306
715189
715230
716193
716608
716816
718253
723974
724131
727167
728072
728820
729814
730012
730381
730525
731030
733071
733927
734281
734551
736935
737175
737300
738793
740220
742097
743052
745641
745756
747482
749556
749690
751228
753516
755813
758441
758561
760277
763276
763316
766045
766832
767519
767677
769404
769500
772172
775146
775726
776102
777165
777322
777569
777868
778050
780537
780738
781703
781769
782256
782365
783326
784078
784675
785413
786335
787201
788890
791108
792005
793151
793451
795299
796853
797275
799369
800228
800556
800922
801209
801627
801761
803638
804167
805105
807450
807919
811794
814281
814379
816583
816594
819016
820932
820974
821163
821970
823325
823482
827873
831673
832224
832464
836041
836098
836345
837885
839967
840101
841899
842550
844109
844124
847136
847832
849692
849858
852943
853357
854951
855144
857533
858592
858674
859317
859962
860510
860551
860570
860942
861739
861836
861942
863799
865076
866186
867503
868045
870579
870767
873855
874504
875106
875954
877553
878291
879039
879397
881049
881322
883134
884343
884660
884802
885563
885770
888181
888660
889384
890063
890314
890704
893070
893690
897206
897230
897763
898832
902689
903459
904353
905541
905544
905728
905913
907390
907731
907826
907878
911961
913289
913326
913900
914048
914391
914709
915597
918401
919144
919673
920169
920904
921379
923562
925199
926860
927916
928022
929441
932154
932326
933707
934607
934673
934761
934835
935486
935594
937742
938079
938746
939416
939606
939705
941305
941833
941848
942605
943332
943533
943950
943951
944094
944571
946283
947832
951327
951463
952548
953692
954253
954555
955313
955348
956028
956529
959493
960570
962310
962416
962795
963255
963950
964371
966583
966788
967768
970514
970516
970613
970761
971068
971700
971870
973200
975187
976951
977212
979090
980516
981287
984027
984127
984413
985451
988308
988369
988429
989193
990070
990861
991327
992314
995660
995769
999880
999896
1001446
1001499
1002365
1003702
1004876
1006638
1007169
1007382
1011707
1012049
1012790
1013357
1013857
1014396
1014497
1014658
1019599
1023112
1023122
1024411
1025678
1026006
1026288
1027021
1027221
1028297
1031489
1032471
1033926
1034235
1034648
1035011
1035478
1035736
1036202
1036327
1038829
1040276
1041882
1042323
1042346
1044433
1044676
1044736
1046567
1047576
1048693
1049151
1049656
1050950
1051004
1051704
1052424
1055606
1055796
1057684
1058183
1058643
1060479
1061919
1061925
1067951
1071126
1071788
1072324
1073136
1073675
1075469
1076178
1077309
1077669
1078084
1079081
1079773
1079816
1081092
1082071
1082599
1083128
1084728
1084836
1086057
1089323
1089433
1090756
1091034
1091447
1091478
1092632
1094625
1094906
1098446
1100088
1100104
1101183
1102797
1105001
1106386
1108422
1109731
1110050
1111634
1111710
1112304
1112420
1114208
1114263
1115724
1116067
1117000
1118504
1119891
1120172
1121236
1121724
1122531
1123429
1123841
1123932
1124180
1124882
1126042
1126518
1127309
1127416
1127827
1128231
1129632
1130319
1131300
1132553
1132842
1132941
1133060
1133268
1134561
1135770
1138005
1138617
1138661
1138988
1139964
1140205
1140927
1142259
1144559
1145570
1146697
1147210
1149376
1149853
1151036
1151113
1152426
1152925
1153053
1153660
1155933
1156079
1157121
1158402
1159179
1159429
1162344
1163207
1165227
1166443
1166795
1167360
1167468
1167566
1168548
1169112
1172031
1172703
1174567
1174585
1177832
1178444
1178717
1179093
1179785
1180099
1181160
1181527
1182832
1184763
1185125
1185443
1185672
1186023
1186325
1189108
1189253
1192616
1192750
1194463
1198421
1198744
1199786
1201428
1201509
1201759
1203249
1204102
1205483
1208373
1209047
1213134
1214873
1214947
1215659
1216230
1216840
1216897
1216951
1219031
1222006
1222602
1222813
1224143
1224564
1224763
1225718
1225724
1225936
1226055
1228938
1229707
1230500
1231678
1232601
1232709
1234296
1235090
1235729
1237718
1238402
1243145
1243239
1243863
1243952
1244204
1247098
1248733
1251804
1252119
1253899
1254611
1254702
1254936
1255558
1255829
1257231
1257446
1261310
1261906
1262780
1263746
1268556
1268732
1271615
1274472
1275062
1278333
1278377
1285603
1288394
1288822
1289979
1290234
1290429
1291589
1294238
1294948
1295281
1297335
1297780
1298352
1298774
1300799
1301866
1301922
1302324
1302551
1303019
1303341
1304078
1304739
1304980
1305647
1305789
1307444
1307455
1308038
1308776
1309994
1314668
1315971
1316003
1316205
1318098
1326850
1327001
1329529
1333158
1334434
1335131
1335617
1336327
1336715
1336745
1337020
1337516
1337664
1338174
1338180
1338432
1341512
1341660
1343345
1343590
1344810
1346393
1347001
1348376
1348701
1348912
1351188
1351524
1352204
1353607
1353613
1354337
1355234
1355705
1355920
1356435
1357234
1358274
1358473
1360819
1361752
1362123
1362906
1363937
1364914
1367586
1368559
1369220
1369288
1369622
1369897
1372616
1373198
1373953
1376303
1376401
1382027
1383041
1386683
1387034
1387631
1388898
1390358
1390406
1390562
1391829
1394031
1394157
1394565
1395155
1397068
1399329
1400615
1401164
1401472
1401891
1402240
1403039
1403099
1403786
1403856
1406937
1407450
1408294
1408673
1410133
1410840
1411125
1413457
1414272
1415301
1417094
1418251
1418672
1419487
1419724
1422800
1423046
1423213
1423490
1424326
1424752
1424942
1426102
1427095
1428118
1428702
1428885
1429233
1429752
1429780
1429880
1430564
1432829
1434448
1435449
1435788
1436662
1438831
1441311
1442507
1444126
1446658
1448125
1448388
1448489
1448935
1449049
1449913
1453109
1454332
1455832
1456251
1456468
1456494
1456630
1456647
1456693
1457198
1459415
1459746
1462575
1463307
1464545
1465544
1467243
1468028
1468740
1470104
1471655
1472572
1472974
1473281
1475024
1475100
1477536
1481126
1481568
1482344
1482974
1485190
1488738
1492068
1492096
1492495
1495228
1495816
1497105
1498115
1498153
1498405
1498861
1499298
1500562
1500688
1501215
1501408
1501702
1502410
1502421
1503162
1503826
1505109
1505243
1506413
1507109
1507156
1508998
1512134
1512154
1512159
1512422
1513447
1513739
1513849
1513908
1515337
1516145
1516614
1517323
1520219
1520658
1521341
1521355
1524399
1527269
1528514
1529024
1529322
1532719
1532830
1533219
1533616
1536141
1536397
1537065
1537686
1540259
1540552
1541177
1541252
1541258
1544504
1544609
1545679
1547496
1550332
1550335
1550539
1550588
1550902
1552024
1552185
1552440
1553420
1553486
1560595
1561022
1561847
1562238
1565312
1565586
1570445
1571946
1572299
1572360
1573743
1574824
1575743
1576931
1579089
1580894
1581395
1581744
1581785
1582119
1582422
1582507
1583325
1583648
1584254
1585363
1585868
1586242
1586434
1586849
1586888
1587883
1589603
1590034
1590046
1593460
1593849
1594612
1595376
1595568
1596735
1598505
1599782
1602361
1602620
1603831
1604807
1605048
1606326
1607202
1607255
1608856
1610737
1612003
1612756
1614552
1615563
1616445
1617949
1619512
1620243
1620839
1621957
1622817
1623682
1623896
1624126
1624360
1625405
1626504
1628837
1629062
1630584
1632735
1633986
1634146
1636227
1637073
1638522
1638730
1639204
1639936
1640002
1642822
1642860
1642907
1644179
1644188
1644989
1645221
1645562
1645591
1648554
1650316
1650444
1650532
1650998
1653020
1653181
1653587
1655664
1656411
1658447
1659334
1659488
1660719
1661726
1661996
1662323
1663585
1665068
1666246
1667978
1668461
1668487
1668749
1670026
1670097
1671705
1671814
1671964
1672805
1673126
1673194
1673765
1673836
1674530
1675489
1675793
1678550
1678880
1679312
1679737
1680455
1681875
1682542
1683696
1683795
1685938
1686457
1687362
1688839
1689777
1690795
1690821
1693967
1694794
1694866
1698472
1698662
1700893
1704525
1705526
1705833
1706099
1707066
1707709
1707796
1708734
1708856
1711212
1714323
1716176
1718096
1718716
1719036
1719794
1720200
1720495
1720856
1721256
1721526
1723544
1724454
1725394
1725415
1726187
1727277
1728481
1729524
1730391
1732172
1734511
1737985
1738419
1739685
1739879
1739979
1740203
1740556
1741354
1741373
1741592
1742408
1743471
1744572
1745346
1747090
1747149
1748154
1748304
1748307
1748568
1749172
1749867
1750349
1751432
1752498
1753685
1754916
1755245
1757787
1762229
1763410
1763632
1764712
1765494
1768670
1769713
1769879
1772271
1773328
1773799
1775176
1776039
1776699
1777164
1778581
1779710
1781416
1781747
1782302
1783414
1783645
1784130
1785234
1785346
1786691
1788026
1790868
1791400
1792883
1793225
1797202
1799079
1799196
1801137
1801559
1803519
1805608
1809106
1811509
1812248
1812539
1813023
1814067
1814147
1814356
1814663
1816179
1820088
1821456
1823236
1825299
1826390
1826973
1826996
1827360
1829820
1829984
1830092
1833531
1833991
1837848
1838591
1838952
1841433
1843340
1843443
1843629
1843646
1843906
1844166
1846432
1847438
1847795
1848334
1850952
1852528
1853688
1853844
1854846
1854913
1855081
1856653
1857807
1857844
1857977
1858441
1858694
1860054
1861857
1862435
1865643
1866464
1867990
1870383
1871374
1873616
1874229
1874687
1879025
1879647
1882316
1882598
1882852
1882960
1887366
1889541
1889938
1890407
1890594
1891299
1892669
1892906
1893646
1894277
1894701
1894711
1895447
1898190
1898296
1898370
1898416
1899320
1899400
1899649
1899798
1900517
1901799
1902282
1903868
1905674
1906432
1907227
1907584
1908735
1909987
1912013
1912538
1913426
1915725
1916526
1916528
1917111
1917274
1917664
1918253
1920979
1924762
1925364
1931378
1934595
1935774
1936360
1937006
1938082
1939420
1939683
1940055
1940255
1942957
1943654
1946019
1946023
1947384
1947692
1948199
1948226
1949611
1949905
1950415
1950949
1956070
1956330
1957781
1958546
1959121
1959793
1960081
1960512
1960812
1961435
1961564
1963464
1963770
1963849
1964386
1965669
1966359
1966891
1967379
1968752
1970064
1970667
1971037
1971372
1974780
1975654
1976507
1977416
1977841
1978669
1979589
1980003
1981155
1981375
1982347
1982685
1983543
1984513
1988817
1990092
1990601
1993186
1994446
1994831
1994955
1996782
1999703
2002984
2004557
2004990
2005559
2005813
2006411
2006770
2007184
2008271
2010392
2012101
2013301
2013376
2014296
2015236
2015442
2016048
2016766
2017292
2019595
2020283
2020711
2023075
2024328
2024966
2025126
2025490
2025510
2033090
2036006
2036815
2036985
2038391
2038793
2039007
2039402
2039711
2041665
2042295
2043624
2044012
2044472
2045201
2046214
2047073
2049116
2050455
2053612
2054112
2054864
2056119
2059939
2061722
2061999
2062149
2067046
2067084
2068111
2069689
2071500
2073836
2075378
2075901
2076314
2076645
2076730
2077310
2077923
2078115
2081546
2081558
2082353
2084541
2086712
2089494
2091136
2092875
2093029
2093522
2093593
2095162
2096158
2096609
2098586
2100876
2100957
2100973
2102140
2103212
2103734
2103931
2104429
2104507
2104666
2104979
2105417
2107430
2107976
2109594
2110387
2110613
2111288
2112084
2112410
2112883
2112915
2113163
2113796
2114011
2115036
2115742
2115964
2116243
2116593
2116840
2118692
2119486
2120293
2120866
2122946
2122969
2123892
2124120
2125169
2126124
2129543
2129687
2130027
2131006
2131899
2132680
2133544
2134203
2134216
2134769
2135189
2135743
2136103
2136936
2137160
2140822
2141136
2144215
2149955
2150494
2150542
2150922
2151789
2152193
2152604
2152772
2152934
2157025
2158500
2159170
2161767
2162185
2163679
2164176
2164360
2165626
2166100
2168798
2170892
2171376
2172441
2172818
2174235
2175317
2175594
2177006
2179428
2180295
2181679
2181701
2182095
2182858
2183018
2183220
2184716
2187536
2188831
2189329
2189687
2189842
2189965
2190749
2194161
2194317
2194496
2195559
2196345
2196884
2199880
2200532
2200589
2202703
2204293
2207176
2207854
2208691
2210697
2213036
2216210
2216826
2221563
2222999
2223041
2223161
2224841
2225601
2225698
2225765
2226988
2228164
2232768
2232787
2232813
2232825
2233632
2237110
2237561
2238297
2238429
2239697
2239747
2239898
2240673
2240710
2240770
2240962
2241003
2242181
2242376
2242498
2242596
2243840
2244507
2244746
2245582
2245818
2246153
2246758
2246960
2248226
2249280
2252753
2252972
2253305
2255802
2256094
2256463
2256919
2257787
2258008
2258119
2259350
2259759
2260735
2260932
2263865
2265663
2266109
2270119
2271363
2271848
2272201
2274351
2274384
2275408
2276489
2277535
2279832
2281119
2282271
2282476
2282725
2284006
2287172
2287357
2287872
2288524
2289517
2290337
2290395
2290957
2291341
2291376
2291436
2293449
2294330
2295686
2295817
2296500
2296771
2296912
2298313
2298851
2299598
2299666
2300281
2300325
2301096
2301321
2302928
2303172
2303259
2304322
2304642
2307434
2307837
2308589
2308934
2310627
2311210
2312271
2313370
2314052
2314127
2314176
2316674
2316707
2318473
2319392
2319738
2321173
2321631
2323815
2325124
2326333
2326794
2327924
2327971
2329005
2330486
2330880
2330975
2333602
2335903
2338921
2339691
2339812
2340043
2340191
2341387
2342194
2343441
2343660
2344839
2344941
2345506
2348417
2349882
2350504
2350540
2350817
2350984
2351326
2353915
2354617
2354647
2354680
2355599
2356123
2360247
2362127
2363430
2364866
2366167
2366933
2369195
2369337
2371439
2372609
2373261
2374008
2376042
2376193
2376644
2377176
2378561
2378571
2379381
2384984
2385899
2386113
2386541
2387632
2388052
2389593
2391432
2392241
2392655
2392709
2392811
2393538
2394719
2396349
2396862
2397917
2398926
2400962
2401733
2404274
2404376
2405302
2406640
2407419
2407926
2408324
2408331
2409068
2409609
2410503
2410778
2410911
2411242
2412341
2412655
2413278
2414870
2416046
2417694
2418000
2418600
2419319
2420805
2420903
2422389
2422626
2423078
2424307
2424930
2425283
2426582
2427276
2428872
2428899
2429694
2432745
2433061
2433542
2433666
2434138
2434811
2435862
2436202
2437313
2438852
2438916
2440815
2441022
2441227
2441886
2442220
2446269
2446618
2448653
2448941
2449850
2451646
2452643
2454579
2456117
2456984
2457414
2461325
2464401
2464461
2464496
2464642
2465095
2465774
2466197
2467798
2468839
2470369
2471177
2471204
2471572
2472865
2472952
2473290
2474112
2474298
2474519
2476722
2477383
2477449
2477679
2480482
2481510
2481836
2482097
2482892
2483569
2483576
2484147
2484184
2485708
2486080
2486290
2488016
2488322
2488959
2489218
2489444
2489983
2491589
2491697
2493927
2494577
2495296
2498169
2499143
2501629
2502114
2504555
2504879
2504994
2505977
2507115
2507603
2508155
2510823
2511223
2511399
2511438
2511538
2511709
2512274
2514388
2516881
2518163
2518284
2518691
2519170
2519815
2524629
2524852
2525032
2525229
2525717
2526079
2527489
2527609
2528364
2529913
2529970
2531156
2532249
2533490
2533633
2533981
2535462
2535466
2535913
2536391
2540589
2541258
2542908
2544660
2545998
2546032
2550682
2552893
2553407
2554335
2554486
2554501
2555088
2557547
2560234
2560349
2560936
2564512
2564778
2565088
2565369
2566031
2566208
2568418
2569455
2569684
2571350
2573912
2576762
2577285
2577406
2577951
2578074
2578756
2579213
2580675
2582790
2583010
2584872
2588050
2588552
2589553
2590105
2590224
2590516
2591221
2591981
2593091
2594432
2595124
2595542
2596323
2596792
2596986
2597102
2597903
2598318
2598636
2599666
2600013
2601805
2604944
2606445
2607018
2607841
2607864
2608462
2609179
2609533
2610272
2610594
2610787
2612064
2612178
2614656
2614744
2615459
2616330
2617865
2618534
2620085
2621129
2622134
2622782
2623391
2624777
2625082
2625706
2626336
2626913
2626993
2627668
2631801
2632925
2633289
2634165
2635304
2635412
2636607
2638533
2639361
2639504
2639918
2640158
2640800
2640822
2641945
2641981
2642860
2643254
2644115
2648104
2648505
2649996
2650341
2651393
2652618
2653737
2654359
2654575
2655013
2655730
2656124
2656512
2657028
2658389
2658692
2658723
2658887
2661213
2661729
2662265
2662975
2663625
2665982
2666238
2666814
2668142
2668516
2668541
2669193
2672322
2673236
2673470
2673702
2674964
2675768
2675878
2680877
2681800
2681967
2682078
2682396
2683892
2685917
2686243
2687442
2687924
2688290
2688967
2689670
2690533
2692677
2693689
2694739
2695526
2696234
2697531
2699676
2700213
2701113
2702260
2705051
2705248
2705604
2707617
2707633
2707772
2709215
2711916
2712986
2714635
2714843
2716264
2718169
2718412
2720983
2724546
2724871
2725286
2726746
2727839
2727930
2732687
2734614
2736315
2736332
2737106
2739437
2740129
2743990
2744479
2746364
2746436
2746812
2746850
2746857
2746960
2748213
2748870
2751091
2751524
2751948
2753990
2754343
2756829
2759157
2759447
2760727
2761102
2761671
2762796
2762801
2763112
2763117
2764784
2764818
2766159
2766713
2766941
2768309
2768355
2768504
2768946
2769267
2769414
2774482
2774530
2777771
2778466
2780876
2781265
2781870
2783076
2783100
2783974
2784528
2784598
2785219
2788618
2788746
2789517
2790363
2790797
2791462
2792050
2792498
2792746
2793168
2794065
2794411
2796368
2796945
2797848
2798772
2800023
2800278
2801793
2802331
2802386
2803835
2804112
2806122
2806213
2806262
2808191
2808893
2809454
2810188
2810311
2811110
2811411
2815447
2816286
2816428
2818729
2819741
2820338
2821899
2822035
2822072
2822133
2822595
2824073
2824686
2826071
2827425
2827724
2831667
2832314
2832812
2833447
2836867
2836964
2837289
2838831
2839436
2839951
2840261
2840349
2842231
2842628
2843089
2843374
2844787
2844797
2845758
2846404
2847534
2850313
2851802
2852702
2852750
2853399
2853598
2853871
2854630
2855852
2856243
2858384
2859288
2860797
2862988
2863544
2866019
2867589
2870121
2870597
2871083
2871222
2871320
2871766
2875368
2875664
2876035
2876257
2881406
2883078
2883739
2883854
2884176
2884789
2885250
2885893
2886031
2886275
2888654
2889293
2890319
2891681
2892924
2893654
2894901
2895352
2895553
2897957
2898114
2898258
2898358
2898407
2900158
2900818
2901710
2902842
2903042
2905152
2905284
2905427
2908003
2908258
2909427
2909777
2914160
2915949
2916143
2916248
2919699
2922110
2924413
2927617
2928468
2928583
2929649
2930316
2931787
2931891
2932787
2933259
2933670
2934220
2934528
2936379
2936749
2937065
2937402
2938870
2940071
2942151
2942312
2943231
2943817
2944155
2944249
2945158
2948300
2948666
2949275
2951692
2951753
2952121
2953393
2954781
2956548
2958552
2961293
2962596
2963924
2964923
2965681
2966850
2967279
2972212
2973049
2978630
2978893
2979654
2980889
2980987
2982143
2984002
2984396
2986242
2986562
2986753
2987362
2987431
2988540
2988950
2990471
2991303
2993945
2995459
2996539
2998721
3000910
3002367
3005344
3005567
3006039
3007167
3007916
3011663
3012504
3013020
3014166
3014434
3014702
3015551
3015866
3017354
3019111
3020638
3021674
3021982
3022017
3023405
3024020
3024474
3025485
3025809
3027363
3027967
3029159
3029589
3030069
3030770
3036826
3037245
3039639
3039667
3043344
3044370
3044999
3045367
3045436
3046003
3047765
3048885
3048998
3049410
3049870
3050523
3050617
3052181
3052313
3053814
3054106
3055753
3055762
3055836
3056607
3059950
3060462
3060763
3060859
3061093
3061899
3062772
3062868
3066788
3066820
3067261
3069128
3069631
3070521
3071816
3073628
3073954
3075916
3076310
3078016
3078067
3078408
3078436
3078899
3081267
3083459
3083740
3084880
3087204
3087850
3089162
3089626
3089852
3090393
3092008
3095357
3097032
3097505
3098560
3100427
3100661
3100966
3102351
3104156
3106816
3106890
3106918
3106979
3107022
3108442
3109854
3110346
3110361
3113177
3113913
3114903
3122358
3123354
3125006
3125532
3125768
3126512
3126939
3127354
3128600
3129026
3130314
3130579
3131128
3131644
3132839
3134847
3138238
3139193
3139757
3140459
3140963
3144104
3145171
3145854
3146291
3148940
3151428
3151887
3153637
3154693
3156192
3158134
3158458
3158682
3158949
3159179
3160021
3160181
3160435
3160466
3164476
3168530
3169761
3170254
3170654
3170699
3170717
3171332
3172447
3176526
3177628
3180750
3181456
3181722
3182382
3183148
3183443
3186816
3187627
3187820
3187844
3188137
3188922
3189745
3192116
3192321
3193873
3195151
3196175
3196619
3197330
3197599
3198244
3198530
3199907
3203381
3203956
3204263
3207997
3211092
3211786
3212082
3215222
3215666
3216481
3217233
3217347
3217595
3222163
3222652
3222764
3222936
3224062
3224230
3226825
3227137
3227809
3227878
3228498
3230113
3230535
3230704
3232437
3234086
3234114
3234574
3237038
3237707
3238180
3238830
3239330
3240743
3241601
3243247
3244024
3245144
3250525
3250622
3256242
3256565
3256870
3258513
3259963
3260333
3261966
3262239
3262378
3263023
3263106
3265708
3267339
3267742
3268024
3269109
3269381
3270385
3272900
3276022
3276074
3276517
3276834
3277294
3277456
3277888
3277895
3278080
3278495
3278871
3280698
3281396
3282735
3283113
3284262
3284754
3284922
3284963
3285643
3287419
3288527
3288930
3290215
3290433
3291752
3292190
3292816
3293421
3294345
3294671
3295315
3295669
3295839
3296525
3298992
3299214
3299768
3300599
3301357
3303228
3304554
3306651
3306720
3307446
3307481
3307780
3308813
3309287
3309756
3309846
3311340
3311350
3312308
3313372
3315000
3316802
3318327
3318635
3320187
3321264
3321488
3322641
3323655
3324692
3325504
3325803
3326912
3332052
3332446
3332914
3334197
3334360
3335087
3336180
3336200
3337839
3338483
3339149
3340419
3342044
3347318
3347395
3347827
3348950
3352341
3352686
3353364
3353641
3354077
3354700
3355849
3360194
3360367
3360872
3362176
3362458
3363072
3364216
3368042
3368155
3368318
3368472
3371058
3371755
3372283
3372454
3373575
3373996
3376689
3377371
3377616
3379191
3379944
3380965
3381520
3382366
3382485
3383105
3385058
3386843
3387126
3387830
3388672
3389167
3389264
3389987
3390598
3390669
3391075
3392852
3392907
3393226
3394401
3394426
3397964
3398932
3399785
3400047
3400374
3401653
3401813
3402925
3406770
3409798
3410128
3411327
3411506
3413762
3414171
3416868
3417411
3419263
3419527
3420061
3421464
3422516
3426771
3426930
3427903
3429038
3430467
3431486
3433570
3434079
3434319
3435500
3436607
3438262
3438566
3440206
3441005
3441642
3441693
3442418
3442820
3442837
3443379
3443423
3443675
3443807
3445283
3446282
3446604
3446729
3447788
3447792
3449949
3453024
3453204
3454059
3454325
3455694
3456623
3459431
3460434
3460603
3461377
3462804
3463637
3464799
3466101
3466415
3466553
3467544
3468283
3469057
3469203
3470548
3470630
3471403
3472201
3472606
3476729
3476749
3477166
3479321
3479735
3479795
3480564
3480939
3484829
3486878
3487944
3488141
3488483
3488955
3489481
3491269
3491682
3491791
3492928
3497016
3497129
3497816
3498264
3498879
3500014
3500174
3501301
3503586
3503606
3503763
3503907
3504631
3505215
3505553
3505999
3507212
3507312
3508712
3509162
3509487
3510826
3512144
3513988
3515261
3515511
3515547
3516457
3517105
3517739
3521190
3522911
3523573
3524451
3524639
3525383
3527184
3528294
3529072
3529243
3529379
3529847
3530461
3530766
3531064
3533601
3534231
3535305
3537078
3537211
3538625
3538826
3539181
3540394
3544999
3545660
3545799
3547492
3547771
3548430
3549008
3549246
3549886
3550240
3554169
3555319
3555812
3557526
3558250
3559872
3561174
3562357
3564152
3564390
3564566
3564765
3564925
3565703
3567296
3569250
3572548
3572902
3573097
3573262
3573356
3573674
3574744
3576527
3577170
3577197
3577332
3577379
3578404
3581675
3581695
3584084
3584332
3588989
3591096
3591900
3593615
3594045
3594981
3595595
3596140
3596328
3598116
3600129
3600138
3600912
3601281
3604476
3605598
3606934
3607448
3608947
3609539
3609959
3613413
3614036
3615350
3615846
3620693
3620909
3621612
3623345
3623937
3625568
3627404
3627530
3628164
3631793
3633036
3634175
3634396
3634470
3634504
3635946
3636436
3636670
3636739
3639307
3639520
3641202
3642082
3643743
3647485
3648647
3653948
3655513
3655689
3660342
3661295
3664077
3667740
3668710
3668774
3669109
3670614
3670830
3674203
3678188
3678423
3679472
3680589
3681899
3682228
3684225
3684382
3684783
3685402
3685767
3686097
3686388
3687037
3688316
3691399
3692487
3692991
3693370
3694204
3695230
3696050
3697323
3699012
3700172
3701821
3704480
3705217
3707468
3707786
3707877
3708438
3708842
3710949
3711006
3711021
3711414
3711821
3715220
3717872
3718319
3718397
3718641
3718807
3720822
3721169
3721315
3721984
3725272
3725792
3726169
3728287
3730963
3734914
3735399
3735554
3737785
3738816
3742159
3745343
3745958
3746032
3746547
3746961
3748322
3749104
3749488
3750343
3752046
3753120
3753174
3754643
3756852
3759364
3761886
3763302
3765954
3767889
3771305
3771806
3772253
3772289
3772290
3772393
3772692
3774035
3775306
3775862
3776685
3776725
3776734
3778598
3780503
3781528
3784553
3784728
3785657
3787597
3787693
3788217
3788923
3789010
3789322
3789494
3790945
3792101
3792525
3792831
3792854
3794909
3795477
3795888
3798588
3800517
3801501
3801503
3801809
3801822
3804863
3806461
3806724
3806921
3807735
3808592
3809270
3810582
3810926
3811058
3811552
3811927
3812395
3813221
3813674
3815886
3816312
3816426
3816701
3817680
3818930
3821233
3822310
3822929
3826366
3828549
3833952
3834187
3835585
3836112
3836936
3840687
3841663
3841832
3841846
3842906
3848242
3848337
3849888
3850457
3851118
3852652
3853009
3853024
3853206
3856401
3859402
3859763
3860736
3861061
3861790
3865355
3866804
3867186
3867435
3869019
3869264
3870056
3871127
3871363
3872563
3873250
3874133
3876798
3877636
3878096
3878238
3878812
3879083
3879864
3880129
3880612
3881758
3881837
3885212
3887213
3887388
3887596
3887754
3891311
3893053
3896555
3898191
3899260
3899452
3899456
3900345
3902630
3902964
3904659
3906022
3907131
3907485
3907638
3909325
3910063
3910532
3910709
3911448
3912806
3913717
3915029
3915673
3916746
3917322
3924363
3924774
3924839
3924913
3925723
3926131
3926281
3926410
3926753
3928094
3928846
3929091
3929703
3931526
3932414
3934304
3934430
3934676
3935145
3935536
3936400
3938595
3939331
3940877
3941554
3942250
3942581
3945267
3945997
3948112
3948332
3949066
3950599
3951997
3952149
3952873
3953177
3953227
3954868
3956065
3957887
3958906
3959069
3961585
3962146
3962204
3962711
3963466
3964736
3964784
3964973
3965059
3965229
3965971
3970187
3971235
3973241
3973487
3973548
3975431
3979006
3979526
3980700
3981136
3981735
3982830
3982843
3982970
3983901
3984218
3984819
3985316
3989274
3989554
3992236
3992304
3992825
3994205
3996564
3996621
3997048
3998092
3998148
3998615
3999173
4002979
4004880
4006376
4007593
4009193
4011196
4012328
4012857
4014335
4014449
4015978
4016068
4016265
4017135
4018033
4019198
4019361
4020979
4021572
4022295
4026648
4026651
4027018
4027437
4027486
4027749
4029246
4029649
4030603
4030882
4033855
4034099
4037567
4037671
4039726
4041651
4042552
4042884
4043781
4043863
4045552
4047839
4047872
4049300
4049691
4049778
4049780
4051058
4051934
4052263
4052569
4054763
4054802
4054803
4056081
4056276
4056874
4060778
4062770
4063006
4063619
4064841
4065628
4067466
4067892
4069081
4069940
4072860
4074025
4074113
4077336
4077833
4078953
4078969
4079033
4079147
4079232
4079762
4080251
4080275
4081777
4082307
4084268
4085815
4085959
4085997
4088359
4088601
4088833
4089416
4090515
4091242
4091903
4093133
4095121
4098875
4100321
4100380
4100506
4103861
4103990
4106525
4107506
4108796
4108984
4110193
4110714
4112188
4112239
4113473
4116068
4116421
4117502
4117732
4118452
4118981
4119467
4119750
4121341
4122799
4123058
4123120
4123163
4124541
4126492
4126537
4132831
4133613
4136676
4140517
4142100
4142254
4143093
4145271
4145701
4146560
4147261
4147477
4148187
4149505
4149849
4149917
4150803
4151655
4152016
4152728
4154327
4154908
4155271
4157843
4158378
4158818
4159476
4159569
4159591
4159819
4159896
4160498
4165940
4166698
4166785
4167641
4168091
4168298
4169377
4169746
4169850
4170078
4170353
4170809
4170961
4172525
4172791
4173656
4173665
4174792
4175180
4178555
4179306
4179600
4182421
4182609
4182915
4183076
4183628
4185778
4185871
4186026
4186817
4188217
4188850
4189015
4189116
4190475
4191788
4192416
4193585
4195477
4196053
4197614
4198323
4198652
4199086
4199231
4200608
4201816
4202759
4203126
4203546
4203676
4204507
4204595
4204607
4205628
4208715
4209942
4209946
4210168
4210892
4212423
4213095
4214373
4216212
4216784
4217660
4218534
4218592
4219152
4219442
4220410
4220657
4221487
4222692
4223531
4225099
4225135
4225570
4228000
4228977
4229956
4230006
4230246
4231310
4231548
4234450
4235131
4235615
4235690
4237541
4238373
4238547
4240476
4241085
4242546
4243082
4243391
4244463
4244821
4246491
4247643
4248714
4253613
4255935
4256458
4258141
4260209
4262735
4262995
4263946
4264300
4264614
4266794
4268464
4269572
4269576
4269785
4269803
4272041
4275021
4275336
4276275
4279068
4280066
4280280
4282300
4282728
4283430
4284778
4285740
4287935
4288396
4288809
4289356
4289786
4293344
4293816
4294058
4294153
4294665
4295302
4295742
4295817
4298959
4299741
4301121
4301975
4302247
4304210
4305503
4305739
4305904
4306452
4306554
4306792
4306945
4307212
4308132
4308373
4308946
4309293
4313411
4315442
4316290
4317917
4319315
4319522
4321287
4321956
4322141
4322844
4323879
4325462
4325645
4326290
4327925
4328059
4328354
4328549
4328569
4330791
4331367
4331764
4332432
4332623
4335263
4337291
4337646
4339542
4340410
4340612
4340737
4341690
4342118
4343937
4345771
4345999
4346041
4346744
4347582
4347675
4348790
4350513
4350544
4350595
4351453
4351516
4354584
4355969
4356364
4356487
4357572
4358002
4364885
4365388
4365940
4367057
4372271
4372387
4372597
4373234
4373340
4376818
4378072
4378601
4379193
4379803
4380569
4380609
4381316
4382411
4383122
4384174
4384369
4386346
4387778
4388120
4388558
4389266
4390770
4390857
4391901
4393526
4393608
4394559
4395101
4395112
4397737
4398058
4400324
4401555
4401924
4403440
4404372
4404595
4404675
4405545
4405564
4406906
4406928
4407767
4408700
4411658
4412823
4412844
4413742
4415002
4417767
4418200
4419509
4419722
4420144
4421639
4422240
4422607
4427065
4428448
4429918
4431414
4432626
4432657
4434606
4434789
4434883
4438011
4438754
4440659
4443211
4444865
4445383
4445437
4446348
4447342
4447852
4448421
4448514
4448761
4448980
4449972
4450094
4450787
4453712
4453948
4454064
4454346
4454851
4455721
4456091
4456615
4457807
4458174
4459637
4460842
4461902
4462120
4462768
4464188
4464817
4466461
4467018
4467040
4467470
4468126
4469263
4469726
4470195
4471972
4472282
4472315
4474989
4476959
4477172
4478925
4479563
4482154
4483377
4484184
4484597
4484783
4493755
4494752
4495558
4496175
4496655
4499079
4503639
4504606
4504682
4505701
4506943
4507449
4507999
4508617
4509390
4509489
4510320
4510655
4511508
4513480
4513710
4514654
4515940
4518367
4519649
4521914
4522346
4523800
4523864
4524172
4524366
4524440
4524944
4527266
4529101
4530064
4530143
4532601
4533069
4533741
4534208
4535634
4536551
4541025
4541347
4541900
4544868
4545756
4546162
4546482
4548020
4549322
4549714
4550175
4550603
4551057
4557783
4557860
4558188
4558546
4559647
4560629
4561284
4564310
4565223
4565835
4566178
4566181
4566432
4568041
4568913
4569331
4569632
4572573
4572948
4573569
4574197
4577145
4578835
4580020
4580305
4583453
4584041
4584615
4584788
4586544
4586690
4587040
4589617
4591120
4591764
4594475
4595542
4596283
4599528
4599609
4600826
4603160
4605937
4607030
4608246
4608286
4608720
4609301
4610416
4611264
4613105
4614023
4614416
4614991
4615669
4617139
4617570
4617746
4617822
4619606
4619646
4621011
4624766
4628366
4629485
4629487
4632138
4632726
4632886
4633023
4633567
4635359
4639765
4640211
4641458
4641713
4643382
4645405
4645708
4647048
4647314
4648023
4648536
4649054
4650627
4651392
4654991
4655427
4656116
4658613
4660173
4660868
4660946
4661204
4661276
4661925
4665282
4666962
4668795
4669362
4669595
4670963
4672647
4673620
4673857
4674853
4675288
4675968
4676130
4676571
4678418
4678464
4679440
4680470
4680714
4681475
4681583
4682185
4684741
4685558
4685579
4686165
4687503
4687842
4688111
4689163
4689480
4692235
4693633
4694478
4697788
4698407
4700863
4702078
4707840
4709541
4711494
4711847
4712268
4712591
4713374
4714680
4717272
4717423
4719693
4721904
4722550
4724379
4725457
4726485
4726519
4727275
4728330
4729195
4729524
4729531
4729592
4729830
4730116
4731287
4731856
4733513
4734294
4736152
4739778
4742238
4742468
4742488
4743799
4744159
4744394
4744724
4746975
4747291
4747318
4749301
4749540
4749923
4752736
4753104
4753555
4754305
4755478
4755633
4756000
4756751
4756877
4757320
4757363
4757863
4760716
4762552
4762716
4763305
4764153
4764242
4764292
4766964
4767601
4768675
4769478
4770066
4772132
4772246
4773633
4773746
4775600
4776104
4776606
4783994
4784491
4784908
4785892
4786360
4787580
4787626
4787627
4787731
4787884
4789915
4790143
4790810
4791351
4791752
4792201
4793182
4794455
4796050
4796541
4796549
4797946
4798812
4799254
4799284
4801354
4803048
4803403
4803716
4806567
4808262
4808352
4812464
4813286
4813538
4814099
4814437
4815203
4816836
4817232
4818542
4819480
4819938
4820410
4820578
4822775
4824517
4824639
4824892
4826206
4827321
4828215
4828230
4828982
4830984
4832828
4833025
4835369
4835714
4836280
4838368
4838436
4839209
4839778
4840374
4844327
4846072
4847064
4847326
4848068
4848511
4848633
4848794
4848955
4849198
4849235
4850204
4853345
4853467
4855189
4855836
4858441
4858887
4860191
4861462
4863647
4868589
4869030
4869133
4869331
4869553
4870096
4870815
4870893
4872209
4874021
4875803
4878558
4878664
4880226
4880841
4885341
4886332
4887223
4887392
4888564
4891198
4892576
4893276
4894457
4895631
4897662
4898535
4901727
4902250
4902615
4903121
4904725
4904838
4905011
4905065
4905460
4907658
4907735
4907880
4908019
4908698
4908895
4909166
4911552
4912188
4912289
4913435
4916273
4916275
4916352
4916783
4917451
4917617
4918215
4919088
4920421
4920972
4921671
4923247
4925003
4926902
4928349
4928764
4929672
4931840
4932892
4933875
4934668
4939373
4942011
4942557
4942711
4943886
4944687
4945931
4946435
4946483
4947102
4947196
4948348
4949259
4951648
4952316
4953312
4953940
4954049
4954327
4954494
4955977
4957996
4958090
4961996
4962266
4963359
4966260
4968463
4969374
4970193
4970291
4970557
4971139
4975149
4976055
4976467
4977775
4980186
4981246
4981325
4982612
4984360
4985059
4985938
4987282
4988267
4988637
4989968
4990219
4990647
4991068
4991365
4992204
4992515
4992851
4993084
4994134
4994425
4994467
4994575
4996505
4996880
4997802
4998012
5000040
5000120
5000349
5000642
5001077
5001148
5002093
5002819
5003192
5003314
5003888
5004377
5004878
5006079
5006813
5008753
5010235
5010755
5011066
5012395
5013556
5016160
5016465
5017124
5017933
5022616
5023121
5023590
5023633
5026107
5026558
5026665
5029176
5032285
5032456
5033149
5035283
5036541
5038111
5040344
5040974
5040989
5041151
5041308
5041430
5042254
5042934
5044681
5045357
5047105
5047409
5047528
5048156
5048515
5048797
5051403
5051830
5052085
5053146
5054733
5054845
5056054
5056463
5057622
5057704
5058351
5058415
5058467
5058803
5060172
5061832
5064239
5064446
5064735
5067672
5067882
5068653
5069049
5069115
5070277
5072433
5072707
5073430
5073463
5073641
5073668
5076073
5077545
5077729
5078733
5078952
5081701
5082166
5083517
5085270
5087350
5087520
5088170
5089242
5092001
5092781
5093191
5094523
5095455
5096830
5098851
5099577
5099712
5100024
5100114
5100378
5103702
5104764
5104800
5105171
5107703
5108073
5109191
5111219
5111835
5111836
5112249
5113068
5113930
5114917
5115525
5116138
5116318
5116934
5116937
5118718
5119498
5120110
5121505
5125178
5125530
5126147
5126210
5128192
5128731
5129171
5129382
5130647
5131945
5133701
5135537
5136486
5136608
5136932
5138864
5141370
5142194
5142422
5143912
5143951
5143992
5145245
5147255
5147390
5148379
5149162
5150008
5150284
5151312
5151907
5151996
5152750
5153265
5154204
5154738
5154811
5154895
5155901
5156163
5156329
5156567
5158485
5158914
5159389
5160381
5160397
5160829
5161588
5162258
5163678
5165334
5170494
5172195
5173200
5173265
5174103
5174559
5175238
5175257
5175647
5175700
5175730
5176050
5176780
5176941
5177164
5178265
5179393
5179430
5179885
5184566
5184742
5185340
5187884
5189320
5190220
5191099
5191277
5191422
5191949
5193163
5193727
5193915
5195367
5197334
5197711
5199402
5200679
5202106
5203398
5204552
5208263
5211691
5213451
5213677
5213711
5213843
5214615
5214691
5216440
5217035
5217917
5218113
5219391
5219463
5220460
5221154
5221772
5222484
5222687
5224966
5225849
5226854
5228623
5229372
5230080
5230775
5234210
5235064
5235085
5236998
5237412
5237854
5239673
5240188
5240377
5242298
5243719
5245472
5249679
5249913
5250096
5250353
5251215
5255438
5255575
5258604
5258926
5259316
5259663
5260142
5262867
5263624
5265286
5265712
5266718
5267470
5267612
5268115
5268247
5268435
5271124
5271588
5274565
5274928
5275103
5275317
5275749
5278509
5278685
5280174
5282353
5282568
5282968
5283014
5283280
5284052
5286877
5287743
5288765
5289080
5290159
5290176
5290769
5290974
5292749
5296455
5297187
5297588
5298191
5298371
5299776
5300688
5301887
5303411
5303655
5305866
5308721
5311649
5312127
5315731
5315924
5317934
5320869
5323438
5326291
5329158
5329292
5329450
5329479
5331045
5332067
5332298
5332457
5335792
5336021
5336107
5336237
5338031
5340062
5340112
5341790
5342303
5342463
5343399
5343587
5343625
5346666
5346720
5347277
5348582
5350229
5350368
5351078
5351108
5353900
5354731
5354757
5357051
5357060
5357754
5360246
5360948
5361040
5365516
5365528
5366525
5366737
5367586
5368679
5369551
5371286
5371848
5376616
5377778
5378018
5379663
5379910
5381788
5382285
5382465
5382793
5383130
5384166
5386970
5387551
5391243
5391530
5392495
5392642
5393649
5394045
5394671
5394685
5394929
5396657
5396977
5397865
5400598
5400761
5401866
5402046
5403111
5403580
5404351
5404497
5404598
5405216
5405493
5409217
5411925
5412204
5413544
5414596
5414626
5414700
5416264
5416837
5418061
5418071
5418139
5418447
5421115
5421470
5423054
5423947
5424484
5424494
5425275
5426438
5427851
5429613
5430489
5433463
5434202
5435211
5435855
5437325
5438698
5439539
5440125
5441779
5442143
5442549
5442812
5443759
5447063
5447928
5449951
5450734
5453521
5455708
5457363
5457620
5458795
5459592
5461030
5461255
5462495
5463489
5463504
5465438
5466690
5469632
5469746
5473195
5473500
5474082
5474289
5476048
5476609
5477124
5477782
5478299
5478789
5480972
5481998
5482363
5486183
5486585
5489200
5489315
5489360
5491252
5493789
5493822
5496149
5497159
5498121
5498780
5498882
5499213
5499824
5501605
5502272
5505079
5505134
5506712
5507812
5512723
5512873
5515611
5515679
5516175
5519524
5519573
5520664
5521475
5522756
5523839
5524986
5526086
5526749
5529365
5531051
5531471
5531532
5532033
5533123
5534259
5534302
5535474
5535656
5536011
5536551
5536627
5538989
5539347
5539994
5540169
5541379
5542230
5544178
5544241
5545052
5545680
5546554
5546597
5546919
5547079
5549760
5550647
5552115
5554415
5555008
5555094
5555263
5556709
5556843
5558661
5560020
5561856
5562157
5562868
5563406
5563845
5564373
5564638
5565109
5565890
5566244
5566336
5569799
5572022
5572398
5573728
5575380
5577011
5577078
5577747
5578761
5582047
5582155
5582202
5582709
5584280
5584579
5585105
5590248
5591786
5592056
5592809
5592828
5593934
5594224
5594420
5595495
5595758
5596802
5597077
5598184
5599356
5599583
5599771
5601218
5601367
5601879
5604152
5606139
5606208
5606723
5607186
5607436
5607636
5607640
5610655
5610814
5614882
5615467
5616019
5617220
5618112
5618528
5619466
5619823
5623499
5624401
5624434
5626470
5628111
5628500
5628711
5631130
5633380
5636509
5637026
5637231
5638765
5640976
5642119
5642978
5644187
5644818
5645646
5646434
5647483
5648415
5648715
5649219
5650382
5650995
5651781
5651841
5653594
5653925
5653938
5654053
5657323
5659145
5659401
5660118
5660843
5661186
5662313
5663415
5663601
5663641
5663974
5664385
5664677
5665573
5666380
5666443
5666829
5669805
5670595
5671259
5671465
5671991
5679771
5680128
5682156
5682651
5682947
5683322
5684484
5685911
5686986
5687130
5688290
5688595
5690832
5691894
5692140
5692150
5694167
5694857
5695069
5695720
5695817
5696171
5696710
5697044
5698203
5699353
5700416
5701231
5702629
5703051
5703407
5703565
5704223
5705741
5706490
5707208
5710405
5711215
5712582
5713694
5713893
5714289
5717942
5719511
5720057
5721816
5723692
5727429
5727924
5728154
5728503
5728890
5729063
5729165
5730110
5731987
5732660
5732850
5733562
5734261
5734799
5735680
5737351
5738277
5739315
5739466
5743633
5745152
5748096
5748509
5748671
5749897
5750490
5751747
5754570
5758639
5759625
5759970
5760396
5761677
5764185
5766173
5767199
5767353
5768564
5768915
5769064
5769688
5769863
5771125
5772056
5772811
5773184
5773280
5773475
5774127
5775395
5776221
5777100
5777260
5777895
5778488
5778709
5780381
5782211
5783416
5783476
5784367
5784467
5786113
5786635
5786923
5786945
5787087
5787277
5787943
5787958
5788603
5788629
5788655
5789399
5790592
5791862
5791993
5792479
5795328
5795718
5796368
5796438
5796742
5797377
5797746
5797921
5798153
5798249
5799893
5801360
5801800
5802408
5803763
5805232
5805777
5807155
5807285
5807796
5808998
5809309
5809816
5813027
5814983
5815942
5817045
5817579
5820882
5822742
5824661
5824746
5825630
5830254
5830591
5830864
5833135
5833547
5833555
5834293
5836754
5838178
5838971
5839050
5841446
5841760
5844581
5844903
5848332
5849736
5851666
5852591
5853061
5853867
5854349
5854898
5855884
5856234
5856476
5860182
5862734
5862814
5864511
5866687
5867071
5867732
5868311
5868646
5870370
5871282
5872199
5874144
5874295
5876592
5877081
5880059
5882010
5883384
5883622
5884427
5885027
5887010
5887162
5889130
5891010
5895423
5895494
5895511
5895714
5896116
5896221
5900632
5900718
5900939
5901192
5902279
5903326
5903411
5903844
5904520
5904774
5906675
5907240
5908908
5909076
5910275
5910639
5911245
5913167
5913610
5913805
5913895
5914335
5914731
5915218
5915879
5916335
5917560
5919739
5920672
5921907
5923786
5923845
5925029
5925035
5925356
5925825
5930181
5930375
5930648
5932101
5932735
5932848
5932936
5932968
5933745
5934360
5934588
5935375
5936303
5936356
5939602
5939724
5939738
5940348
5941545
5942030
5942786
5943943
5944528
5945767
5946128
5946476
5949256
5950498
5952138
5952345
5952748
5952889
5953094
5956386
5956399
5960501
5963566
5965544
5965643
5965809
5966657
5967000
5968637
5968761
5969602
5971630
5973756
5974716
5976142
5976635
5977240
5977796
5977866
5978625
5979740
5981961
5982250
5984616
5987782
5989189
5990446
5990448
5993216
5994352
5994529
5994778
5995228
5995626
5996410
5997981
6001331
6001342
6004164
6004378
6005152
6009398
6011321
6011414
6012280
6012769
6013859
6014367
6016967
6018061
6018909
6019249
6019663
6020134
6021135
6022153
6022949
6024765
6026127
6026197
6026587
6026731
6026826
6027096
6027266
6027455
6028006
6030333
6031739
6032003
6033609
6037796
6039693
6040133
6041533
6042086
6042209
6042795
6047226
6047387
6048415
6048756
6049266
6049564
6050521
6050628
6051007
6051990
6052866
6053130
6054116
6054150
6054541
6055526
6056630
6056968
6057906
6058604
6058882
6059219
6059775
6060090
6060975
6062240
6062713
6063227
6064509
6065778
6066349
6066825
6067988
6068176
6068280
6068353
6069969
6070323
6070801
6073121
6074547
6077028
6079726
6080078
6080224
6083711
6084208
6084501
6086143
6086841
6088406
6089078
6091754
6092589
6093348
6095324
6095448
6096510
6096840
6098549
6099064
6101344
6101594
6101670
6102805
6103620
6103661
6106408
6107291
6107353
6108647
6109646
6109929
6110785
6111941
6112731
6113494
6117410
6119894
6120023
6122289
6122973
6123648
6123678
6123891
6125440
6125442
6127335
6129093
6132718
6132815
6134708
6135372
6138562
6139125
6139546
6140101
6140654
6142005
6144823
6146391
6146421
6146847
6146966
6147852
6149335
6151078
6151446
6153481
6154724
6154864
6155803
6155871
6157575
6157611
6157692
6158423
6158871
6158995
6160289
6161229
6161344
6162582
6162930
6163562
6165972
6167190
6167971
6173019
6174988
6175055
6176227
6176398
6176933
6180642
6183496
6183765
6184487
6185775
6185878
6193988
6194544
6194679
6195172
6195247
6195629
6197107
6197245
6197927
6197961
6198149
6199200
6200965
6202925
6203951
6204306
6204561
6204883
6207775
6208512
6209136
6212119
6212819
6212896
6212965
6213258
6213466
6215226
6216644
6217146
6217306
6221115
6221155
6221423
6222644
6224732
6225544
6229249
6229326
6229600
6231472
6231500
6232250
6232570
6235042
6238309
6239495
6239552
6240360
6240751
6241033
6241200
6241981
6242096
6242229
6244530
6244755
6246045
6247513
6247632
6248945
6249996
6250942
6251595
6252541
6255083
6258339
6258614
6258889
6259639
6260314
6260405
6263535
6264260
6265124
6267171
6267503
6268169
6268508
6271292
6271877
6272983
6273273
6273569
6274315
6274359
6276477
6276629
6277098
6278391
6279096
6280326
6280811
6281518
6281704
6287676
6287771
6288142
6292373
6292849
6293962
6294707
6294852
6295057
6295182
6295795
6297935
6300249
6303076
6304327
6306189
6307086
6307216
6307828
6310403
6311144
6311630
6312643
6314578
6316689
6316992
6317389
6317852
6318291
6321844
6322637
6323000
6324004
6325505
6325579
6328545
6328802
6329100
6329518
6329924
6330009
6330396
6330776
6330784
6331447
6332552
6332888
6333676
6334500
6335795
6336924
6338333
6339927
6341979
6342480
6342635
6344803
6345226
6347621
6347892
6349686
6352027
6352447
6352703
6355043
6355476
6355637
6355734
6361038
6362708
6365427
6365503
6365536
6365584
6366032
6370976
6371053
6372526
6374982
6375427
6375874
6375903
6376054
6376904
6377108
6378636
6381708
6381761
6386841
6386925
6389410
6389864
6390284
6390644
6391858
6392009
6393316
6394750
6395246
6395574
6396576
6397104
6400388
6401061
6402945
6404423
6404571
6406886
6406904
6407613
6408249
6409855
6409940
6410043
6410377
6413028
6413362
6414224
6414623
6415147
6416969
6417206
6418585
6419117
6422870
6422921
6424733
6424926
6425325
6427073
6427840
6428014
6429257
6436371
6438579
6439269
6441435
6441822
6442198
6442633
6443846
6444246
6446878
6448503
6451753
6452631
6453004
6453040
6453459
6453649
6454835
6454858
6455192
6455340
6456241
6456606
6456699
6456751
6457461
6458734
6458995
6459310
6459327
6459351
6459427
6459590
6460292
6460888
6461145
6461953
6462314
6462811
6462903
6464916
6466262
6466376
6470473
6471139
6471454
6471940
6475420
6475463
6476097
6477002
6479047
6479306
6481594
6481617
6482481
6483186
6483647
6484150
6484444
6486655
6487802
6488597
6489076
6489567
6490488
6491525
6492152
6492401
6493443
6494957
6496140
6496362
6499140
6500348
6500415
6500422
6501551
6502034
6504221
6505408
6506195
6506577
6506609
6509760
6510886
6510993
6511690
6511991
6512065
6513050
6513472
6519118
6519700
6520810
6520886
6521218
6521354
6523211
6524705
6525975
6526064
6527615
6527823
6528174
6528546
6532577
6533377
6533731
6533773
6535864
6537208
6537866
6540089
6541067
6542737
6543055
6545498
6546022
6548746
6549320
6550951
6551885
6553301
6554653
6555603
6556162
6558334
6560580
6561583
6562879
6564589
6565124
6568273
6568485
6571457
6572336
6572557
6573464
6575489
6576090
6578267
6580810
6582627
6583969
6583972
6584608
6586964
6587686
6591713
6593325
6593985
6594297
6595032
6595333
6595339
6595650
6596535
6596913
6597071
6597087
6597647
6600273
6603493
6604306
6606197
6606595
6608644
6610288
6610679
6610805
6611958
6612767
6613463
6613699
6613739
6614020
6614210
6614488
6614862
6615809
6616581
6616708
6616737
6616801
6617331
6617394
6617396
6617615
6620122
6620820
6621684
6621768
6622196
6624219
6624509
6625091
6625835
6627385
6627728
6628569
6629151
6630605
6630977
6631053
6631363
6631826
6632366
6632503
6632742
6634701
6635379
6635948
6636379
6637694
6638578
6638923
6639454
6640985
6641928
6644483
6644628
6645184
6645708
6646276
6648423
6649983
6651905
6652238
6652942
6654235
6655121
6655401
6655580
6657380
6659932
6660793
6661810
6662807
6662961
6663923
6664030
6665063
6668147
6669499
6669698
6671412
6673057
6675157
6675991
6676930
6678540
6679459
6679578
6680163
6680647
6680747
6681089
6681329
6681652
6681777
6682497
6682703
6682928
6683170
6684280
6684467
6684610
6684771
6685110
6685173
6686435
6687073
6687887
6689664
6694604
6695155
6697164
6697549
6698096
6698761
6699472
6699875
6702584
6702808
6703505
6704633
6706862
6707316
6707342
6709027
6711423
6713319
6714120
6714217
6714234
6714267
6714531
6714676
6717141
6717657
6717719
6719710
6719773
6719854
6722539
6722658
6722963
6724164
6725904
6727449
6728070
6729645
6729891
6730244
6730809
6731736
6732319
6733321
6734067
6734307
6734342
6736764
6737729
6738744
6739123
6739130
6739498
6739723
6741486
6741725
6743768
6746177
6746206
6746261
6746700
6748832
6749091
6749228
6749800
6751818
6752752
6753085
6753432
6755745
6757158
6757320
6757965
6758704
6758996
6759861
6760711
6763532
6763792
6767523
6767732
6767947
6771051
6771522
6772018
6772383
6772807
6774545
6774660
6774913
6777094
6777906
6778421
6778616
6781574
6782291
6782377
6783213
6783389
6784642
6787172
6788054
6789123
6790025
6790782
6791798
6792832
6792920
6794422
6794459
6795218
6795262
6795601
6796656
6796824
6796940
6797034
6798045
6798754
6800043
6800921
6802061
6802287
6803087
6803096
6805149
6805517
6806369
6806561
6806782
6808787
6811221
6811941
6812636
6812798
6814399
6816106
6816989
6817392
6819560
6820273
6820838
6821005
6821934
6823135
6823286
6825303
6826149
6827951
6828565
6829262
6830398
6831500
6831650
6831731
6834034
6834546
6835816
6835904
6839871
6841410
6842586
6844044
6846175
6846486
6846753
6848518
6849122
6849536
6850782
6851172
6851295
6853623
6853832
6854360
6855003
6856376
6856753
6859633
6861091
6862651
6864080
6865210
6865240
6866809
6868694
6868855
6869491
6869679
6870761
6871024
6871358
6871974
6873342
6873397
6874150
6874804
6875166
6876018
6877489
6879268
6879914
6881127
6881323
6883090
6883225
6883781
6886333
6888200
6889198
6890392
6892303
6894323
6895217
6895644
6895967
6896058
6896174
6896821
6897110
6899500
6900250
6900713
6901846
6903221
6903307
6903546
6908018
6909096
6909657
6912762
6912904
6914697
6915508
6915749
6916624
6917825
6919632
6921239
6921603
6921742
6922350
6923560
6926083
6927047
6927675
6927759
6930023
6930275
6932012
6932074
6935777
6935917
6938005
6938651
6938745
6938945
6939281
6939839
6939890
6941247
6946171
6948993
6949215
6949841
6949920
6952283
6953604
6953731
6955727
6958566
6959212
6959885
6960671
6962041
6962233
6962886
6964782
6964824
6965192
6965330
6971439
6971797
6972949
6973875
6975441
6976355
6978216
6980763
6981093
6981598
6983189
6984834
6985067
6985263
6987060
6987432
6990404
6991128
6992768
6993502
6995210
6996230
6996652
6997477
6997916
7002808
7004813
7005818
7005862
7006471
7006706
7007241
7007733
7007842
7008047
7008916
7010320
7010729
7011826
7012344
7013710
7014027
7016771
7016814
7016836
7016942
7017029
7018570
7021269
7021821
7022751
7023690
7024468
7024524
7024909
7025706
7025836
7026198
7026301
7028544
7029183
7034605
7035015
7038282
7040036
7040881
7040983
7041122
7042592
7042807
7043817
7043948
7044065
7045185
7046356
7046373
7046418
7048216
7048656
7049676
7051422
7051747
7052834
7055467
7058933
7060460
7060933
7064186
7065247
7066975
7068036
7068443
7068909
7068945
7071011
7071062
7071517
7075377
7075653
7075721
7075722
7077456
7078070
7078434
7079974
7080029
7080226
7081111
7082223
7082350
7082571
7084269
7085673
7087918
7088616
7089591
7090424
7091318
7091444
7092824
7094253
7095248
7096201
7096655
7097860
7100377
7100929
7101512
7104316
7106414
7107802
7108490
7109165
7110521
7110632
7111462
7111560
7111790
7111984
7113696
7115764
7116024
7116713
7117071
7117867
7118548
7118729
7118885
7120123
7121908
7122031
7122171
7127945
7127993
7128237
7128628
7128724
7129127
7129325
7129743
7129959
7131078
7132216
7132984
7137906
7138110
7138455
7140247
7140859
7141362
7142553
7142556
7143193
7143343
7144778
7147959
7148324
7148456
7149135
7149758
7150939
7152723
7154227
7154666
7156485
7157398
7159767
7161035
7161505
7163310
7163330
7165630
7167327
7168695
7169539
7170869
7171013
7171080
7173126
7173683
7176534
7176692
7177877
7178641
7179103
7179353
7179631
7181138
7182217
7182966
7183887
7184526
7185041
7185186
7185273
7186128
7187128
7189533
7190768
7191358
7192421
7192616
7193080
7193181
7194895
7195784
7198038
7201504
7201528
7204420
7204753
7206009
7207043
7207603
7208063
7208820
7209715
7210064
7210822
7212469
7212593
7212772
7213213
7213765
7215736
7216298
7217233
7218879
7218881
7220425
7221000
7221879
7222260
7222606
7229506
7230083
7232227
7232803
7232915
7233200
7234113
7235107
7235872
7237891
7238288
7240481
7240645
7241839
7241879
7241889
7242139
7244473
7244564
7246179
7247057
7247267
7249326
7249671
7250722
7253251
7253271
7253978
7255131
7255831
7256216
7259270
7259836
7264346
7265468
7265799
7266409
7267357
7267490
7267678
7269769
7270318
7270412
7270814
7271582
7271886
7273757
7275997
7276101
7277025
7280005
7280518
7280749
7280805
7282658
7282701
7283391
7284597
7284705
7285469
7286782
7287818
7288018
7289820
7289919
7292912
7293985
7295112
7297089
7297154
7299730
7300054
7302199
7302684
7303263
7303776
7306836
7309544
7309816
7310269
7311766
7311984
7313818
7314240
7314343
7316225
7318150
7318936
7319172
7319619
7320648
7322220
7323410
7324353
7325116
7326605
7326615
7327925
7329083
7329854
7330154
7331216
7334296
7335446
7336098
7338631
7338798
7339685
7340304
7344156
7345692
7346267
7346730
7349030
7349423
7350814
7354570
7354589
7355918
7356777
7359419
7359514
7359944
7363817
7364511
7366883
7367658
7369339
7369496
7369626
7371465
7371514
7372634
7372676
7374781
7379843
7381851
7385612
7387038
7387659
7388352
7389461
7389885
7391013
7391751
7393470
7393882
7399050
7401837
7402463
7402703
7403572
7403902
7404809
7407102
7407742
7408710
7411518
7412391
7413368
7414106
7415341
7416548
7417680
7417874
7418360
7418391
7418476
7418845
7418896
7419330
7419550
7419941
7422495
7423223
7424495
7425031
7425055
7425730
7426206
7426393
7426891
7427375
7427399
7428055
7428238
7428880
7429461
7430587
7431574
7433161
7433914
7434607
7435116
7435959
7438146
7438481
7438489
7439309
7441703
7441759
7442500
7443675
7444425
7445355
7446870
7446955
7447837
7448209
7451316
7452542
7452935
7452968
7454198
7454281
7455973
7456432
7456988
7459125
7459407
7460362
7461670
7462186
7463212
7463237
7465010
7466038
7466676
7466725
7468234
7468308
7470719
7471385
7471587
7472892
7472923
7473558
7473625
7473765
7475151
7475548
7476119
7476364
7479877
7481947
7484510
7484833
7485826
7486557
7486603
7486824
7486840
7488409
7488588
7491089
7491804
7491995
7492516
7492532
7492567
7493440
7493747
7493939
7494156
7496139
7496147
7496880
7497087
7497713
7501346
7502561
7504708
7505129
7506588
7507315
7509190
7510962
7511830
7513331
7513468
7514546
7514945
7516678
7517082
7517207
7518336
7518933
7519295
7520759
7521827
7522407
7523489
7525579
7526904
7527638
7528854
7529340
7529472
7532503
7532838
7532880
7533376
7534894
7538121
7538508
7540270
7541128
7541330
7542628
7544308
7544550
7544862
7545649
7546142
7547019
7547485
7548124
7550460
7551086
7551231
7552009
7552438
7553996
7556937
7560250
7563094
7563186
7564248
7564595
7565145
7565746
7565914
7566997
7567662
7568043
7568301
7570265
7570387
7570753
7571559
7572506
7573821
7573975
7574781
7578054
7579249
7579271
7579601
7579748
7580190
7582963
7583872
7584115
7584357
7584420
7586260
7587950
7588040
7588475
7589206
7591945
7592112
7592508
7592707
7594048
7594418
7594685
7595390
7595948
7599913
7600054
7600867
7601415
7602979
7604131
7604818
7606215
7607267
7607496
7607799
7608095
7610453
7612078
7617367
7617469
7617635
7617647
7618872
7620719
7622132
7624652
7624788
7628662
7628804
7629572
7629582
7629859
7630165
7630866
7631454
7632413
7633494
7634466
7635052
7638451
7638617
7639688
7639843
7642095
7642753
7644533
7647817
7649406
7650238
7650830
7653264
7653456
7655039
7655168
7656105
7657138
7658915
7659438
7661674
7664060
7665945
7667659
7668247
7669964
7670637
7670815
7670957
7671131
7672555
7675648
7676216
7676291
7678960
7679058
7679166
7679450
7682636
7682798
7682908
7682991
7683049
7688395
7688431
7689158
7690003
7690807
7691128
7691350
7692278
7694864
7696033
7697123
7698547
7698881
7699111
7699856
7700444
7702036
7703666
7704479
7705174
7705452
7705676
7706586
7707853
7709183
7709900
7713362
7714062
7714544
7716468
7716528
7718968
7719074
7720075
7721004
7721581
7727397
7729716
7731726
7736007
7737697
7737894
7739282
7739291
7742020
7742069
7742730
7742809
7742904
7746193
7746636
7747641
7748112
7748321
7749282
7749912
7750570
7750768
7752923
7752937
7754102
7754857
7755729
7756149
7756190
7756755
7757621
7758605
7759254
7759313
7760907
7761058
7761778
7762188
7762711
7763968
7764129
7764528
7767794
7767980
7768257
7768713
7770671
7773013
7773252
7773537
7773564
7773754
7775692
7776434
7777891
7777947
7778471
7778524
7783699
7784056
7785800
7786693
7788197
7789122
7789942
7790561
7792022
7792389
7793315
7796037
7796496
7797431
7798893
7799042
7800249
7801264
7802411
7804149
7805330
7805382
7806246
7808682
7808699
7808874
7809169
7810524
7810692
7812395
7815332
7816662
7817031
7817347
7818663
7821050
7821540
7822372
7822458
7822806
7822946
7824451
7824655
7825227
7826249
7827204
7827558
7827901
7829268
7829384
7829787
7831139
7831339
7831344
7831971
7833343
7834166
7837719
7837831
7838761
7838855
7839015
7840731
7842264
7844524
7845224
7846777
7849009
7850640
7850935
7851153
7851210
7851515
7851906
7852238
7852303
7852969
7854258
7857418
7857474
7859278
7859356
7859929
7860072
7862696
7865586
7865921
7866273
7867557
7868950
7869054
7869070
7869175
7869306
7869878
7870325
7873927
7874520
7876590
7876963
7882224
7882574
7889281
7890036
7891205
7891581
7892020
7892889
7893214
7894964
7896333
7898348
7899022
7899332
7899870
7900234
7902160
7902364
7902724
7902869
7904743
7905313
7905934
7906965
7908428
7908910
7910473
7911703
7912214
7913220
7913542
7914868
7915294
7915354
7915443
7917179
7917356
7917996
7918271
7918360
7918916
7919701
7920366
7920896
7921013
7925972
7926142
7928244
7931075
7933851
7933930
7933970
7935216
7935661
7935889
7937979
7939224
7943075
7943709
7943805
7943979
7944364
7948300
7948363
7950342
7950601
7953533
7956758
7956788
7957468
7957982
7958120
7960455
7960772
7961385
7963170
7963250
7964161
7965358
7966408
7967321
7968446
7969339
7970138
7970275
7970337
7971317
7971769
7972922
7972974
7973828
7976186
7977312
7977904
7978350
7978594
7979445
7979787
7980259
7982349
7982792
7983080
7983607
7983710
7983868
7984834
7986126
7986697
7986924
7988735
7989861
7991893
7992307
7993323
7999167
8000195
8000223
8001647
8002186
8003476
8003684
8005356
8005473
8005792
8007462
8007600
8007854
8007960
8008729
8008964
8009286
8010642
8010663
8011393
8012774
8014948
8015125
8015511
8015773
8015879
8017096
8017617
8017757
8019155
8019663
8019950
8021650
8023182
8023659
8024083
8024704
8026186
8028660
8029135
8029535
8029892
8030992
8032144
8032331
8033683
8034662
8034881
8035040
8035307
8036541
8036973
8037759
8039405
8043015
8043918
8044369
8044727
8045081
8047125
8051356
8052104
8052155
8052781
8053591
8053782
8054123
8054202
8054351
8055449
8055585
8055613
8055976
8056293
8056467
8056518
8057022
8057410
8057675
8058003
8058445
8058512
8059145
8059716
8060576
8061313
8064556
8065591
8066022
8067137
8067170
8068181
8068379
8069223
8069785
8070259
8070278
8070612
8071782
8071974
8072089
8073866
8074319
8077456
8078025
8079997
8080229
8080952
8081983
8082908
8083143
8085108
8086221
8086661
8087217
8087844
8087988
8089059
8089366
8090373
8091925
8092578
8093423
8094507
8094533
8095693
8098043
8098147
8098981
8099171
8099874
8100682
8101271
8101694
8102055
8104864
8105377
8106423
8108719
8109143
8112628
8113133
8116705
8117063
8117796
8118750
8119752
8119794
8121956
8122679
8122948
8123295
8124587
8125840
8126466
8131330
8132262
8132477
8134894
8135679
8136843
8138399
8138459
8141498
8143004
8144922
8146548
8146591
8147911
8148218
8148754
8150103
8150800
8150924
8151052
8151278
8151948
8153504
8154323
8154600
8156059
8157414
8157742
8158285
8158480
8158500
8159434
8159531
8161959
8164252
8165380
8166453
8166557
8167835
8168221
8174046
8174117
8175161
8175536
8176058
8177512
8177529
8179703
8182196
8182872
8183681
8184160
8185021
8185157
8185506
8185580
8186272
8186407
8188157
8190753
8192202
8192297
8197086
8197698
8197828
8200283
8202169
8204199
8205580
8206778
8207674
8207766
8208839
8209576
8210892
8211761
8213322
8214711
8215571
8215580
8217553
8219309
8224853
8225282
8226799
8231515
8232135
8233846
8234614
8234877
8235161
8237022
8237148
8237420
8238123
8238768
8239770
8240092
8242041
8246145
8247131
8248734
8250014
8250723
8251025
8253173
8253190
8253478
8254166
8254611
8254688
8255227
8257157
8257496
8258085
8259227
8263037
8263730
8264915
8265009
8266473
8267914
8270751
8271671
8272163
8273593
8274083
8274242
8274645
8275293
8276313
8277667
8277928
8278555
8278683
8279132
8279270
8280003
8280792
8281194
8281224
8281278
8282764
8282964
8283800
8284597
8286655
8286707
8286951
8287393
8287537
8288646
8289587
8289874
8291260
8292306
8292976
8293074
8294181
8297780
8298927
8299248
8299318
8299629
8299692
8301753
8302060
8302197
8302791
8303599
8306490
8306531
8306870
8307763
8308959
8309248
8310694
8311573
8312655
8312971
8313391
8314622
8315526
8316013
8317206
8317626
8318810
8320023
8320181
8320385
8321844
8323936
8326811
8327942
8328719
8331598
8331806
8333096
8335177
8335443
8336501
8337727
8337795
8339570
8340402
8340745
8341801
8341980
8343138
8344567
8346076
8346532
8347045
8348632
8348864
8349055
8349357
8350103
8351240
8351946
8352080
8352859
8352935
8353291
8353615
8356388
8356628
8357039
8358318
8358369
8358942
8359136
8359205
8359270
8359809
8360541
8361409
8362715
8364874
8365808
8366311
8366877
8367325
8367534
8369619
8369993
8370095
8370633
8370883
8371210
8373956
8376746
8377315
8377450
8379701
8380986
8381592
8383825
8384214
8385462
8386756
8387005
8387070
8387637
8390036
8390919
8391179
8392376
8394823
8395417
8395704
8396176
8396882
8397630
8398821
8399519
8400159
8401729
8402129
8404068
8404365
8405627
8406226
8409286
8409758
8410704
8411102
8411275
8412580
8413345
8414389
8416398
8416539
8416905
8417377
8419482
8420871
8420921
8422537
8422680
8423491
8424196
8424266
8424579
8427269
8427617
8428011
8430920
8432538
8432710
8434412
8434487
8435570
8436503
8436520
8437421
8437436
8438132
8438649
8439203
8439741
8440588
8440746
8441778
8442229
8444695
8444781
8444992
8448120
8448703
8449487
8450780
8452124
8453798
8455525
8457881
8458346
8458653
8458925
8459417
8459938
8462896
8462995
8463208
8464001
8465138
8465821
8467090
8467138
8468373
8469531
8470854
8471197
8471738
8471965
8472124
8473953
8475072
8477356
8477660
8478657
8478725
8479394
8479424
8480255
8480345
8480399
8480408
8481038
8481631
8481898
8482455
8484106
8484224
8485439
8492186
8494894
8495585
8496129
8497543
8499407
8500293
8501450
8502970
8504349
8504761
8506166
8510845
8511180
8511214
8511490
8512102
8512127
8512131
8513552
8513747
8514720
8515120
8519737
8521374
8521552
8521608
8521678
8522128
8522576
8522607
8522730
8523958
8524058
8524188
8525953
8526006
8526587
8526772
8527523
8528346
8530815
8531135
8531908
8533642
8535011
8535643
8537509
8537975
8538068
8539548
8540094
8540104
8540174
8541534
8542177
8542228
8542263
8544026
8547326
8548262
8549204
8550530
8551247
8551380
8551849
8552002
8553119
8553827
8553913
8554556
8555814
8556835
8558737
8560878
8560938
8562129
8563340
8565270
8565605
8566602
8567063
8567824
8568230
8568287
8569191
8570138
8570401
8571483
8571901
8572062
8572635
8574153
8574441
8577830
8578593
8581269
8585914
8586561
8587756
8587904
8588044
8588283
8588349
8589312
8589744
8590258
8592416
8592480
8593323
8593618
8594903
8595184
8595999
8596557
8599332
8602162
8602296
8603033
8603783
8605638
8608703
8611760
8612060
8612903
8613771
8614997
8615415
8616081
8617123
8619953
8621096
8621416
8621493
8622603
8622664
8623278
8625462
8625616
8627318
8627660
8627843
8628256
8629372
8630738
8630828
8634616
8635121
8637158
8637650
8637962
8638619
8638741
8638886
8639407
8639408
8641078
8641136
8642069
8642240
8642808
8643200
8643338
8643796
8645306
8645317
8645766
8648884
8649895
8649935
8650984
8651098
8651305
8651555
8651804
8652201
8652622
8653323
8653652
8654625
8656145
8658521
8658976
8659301
8659474
8661581
8661787
8662438
8665109
8666540
8666950
8667109
8667316
8667825
8669140
8669190
8669875
8671788
8673059
8673814
8675596
8675770
8676499
8679912
8680086
8680260
8680504
8683733
8685284
8688246
8688456
8688884
8689218
8690436
8690563
8691169
8692255
8697315
8697798
8701809
8702185
8703004
8705471
8706139
8706563
8707072
8707910
8708924
8709231
8712508
8712665
8712774
8715277
8715725
8717097
8717230
8719000
8719245
8720868
8721040
8721703
8724367
8725890
8726085
8728093
8729412
8730496
8730774
8730911
8730913
8731165
8732262
8732880
8733862
8736387
8736706
8738858
8738937
8740597
8740703
8742184
8742277
8745054
8746476
8747202
8748982
8749433
8749939
8749961
8750058
8751752
8752677
8753615
8755694
8756537
8758402
8759355
8759968
8761087
8761261
8762794
8762936
8763427
8763803
8763978
8764480
8765353
8766047
8767305
8768402
8768471
8768543
8769860
8769999
8771479
8772318
8773376
8773409
8773739
8774488
8775746
8775834
8776355
8777143
8777539
8778708
8780621
8782262
8783214
8784578
8791501
8792287
8792485
8793832
8795457
8795918
8797400
8798654
8799219
8799365
8799449
8799747
8799927
8800567
8801539
8802637
8802700
8803071
8804161
8804206
8804794
8805099
8807440
8807741
8810186
8812633
8812871
8813715
8814725
8815016
8815633
8817325
8817500
8819123
8819275
8820038
8821647
8821733
8822722
8822831
8822968
8823232
8823831
8824576
8824666
8824695
8825209
8825370
8825560
8826106
8827199
8827463
8827677
8828237
8828774
8830443
8831091
8831515
8832440
8834330
8835361
8835452
8835557
8836151
8836160
8836834
8836838
8837740
8838001
8838476
8839433
8842708
8844692
8845106
8845741
8845749
8848260
8848312
8849261
8851634
8852783
8853074
8853661
8854109
8854829
8855493
8856595
8856876
8857812
8858553
8861121
8862776
8863416
8864447
8865895
8866406
8867261
8867814
8871065
8872393
8873480
8874891
8877856
8881868
8882228
8884169
8884239
8885801
8886079
8889137
8889885
8890123
8890696
8891037
8891084
8893183
8893492
8893833
8893859
8894198
8894687
8894808
8895199
8895928
8896215
8899488
8900200
8900431
8902894
8903181
8903256
8905396
8906626
8910459
8911369
8913000
8914704
8914724
8915117
8917163
8920858
8922010
8922999
8923101
8923367
8923464
8925435
8926792
8929177
8929195
8929932
8931080
8931661
8932768
8932934
8936540
8937352
8937652
8938180
8938797
8939074
8939198
8939611
8939836
8939867
8939874
8940140
8940260
8943442
8944312
8947749
8948468
8953231
8954095
8954487
8956155
8957757
8960400
8960942
8961107
8963274
8964993
8965652
8966625
8967240
8968235
8968744
8968969
8970838
8971269
8971349
8971468
8971573
8972334
8976103
8979419
8979636
8979648
8980447
8980533
8980780
8982791
8982913
8982976
8983588
8986665
8987282
8988732
8989285
8990383
8991184
8993944
8994181
8994442
8994926
8995046
8995161
8995483
8996616
8997347
8997919
8999482
9003373
9003648
9005408
9005587
9005667
9007556
9008711
9009417
9010275
9011363
9012933
9013239
9014430
9014628
9014767
9015239
9015579
9016407
9018064
9020122
9020356
9020776
9023479
9023586
9023760
9024899
9025895
9025920
9026015
9026587
9029859
9031407
9032428
9032874
9033546
9034579
9034904
9035718
9035909
9036791
9036801
9037710
9037938
9038634
9038743
9039843
9040408
9040605
9042408
9042497
9042779
9045725
9046986
9047260
9048352
9051347
9052125
9053871
9054729
9056683
9057750
9057931
9059424
9060089
9065421
9068249
9068956
9069137
9069861
9070485
9070964
9072511
9072797
9073945
9074360
9075088
9075100
9075412
9076713
9079244
9079844
9080554
9080928
9081009
9081045
9081438
9082142
9084165
9085508
9086183
9087057
9087814
9088447
9089119
9090144
9091872
9092106
9093612
9095042
9096727
9096812
9096976
9100152
9100457
9100641
9102616
9102834
9103425
9103906
9104236
9104386
9105073
9105310
9107209
9107865
9110347
9111560
9112347
9112372
9112537
9113449
9116861
9116968
9120327
9122730
9122936
9124398
9124694
9125004
9125066
9125351
9126144
9126450
9127410
9127462
9128180
9128396
9128606
9128971
9129541
9129680
9130635
9130709
9131793
9133067
9135484
9136069
9136579
9138453
9138555
9138606
9140499
9141729
9142639
9143248
9145337
9146056
9147422
9147751
9149342
9149515
9150758
9152037
9152649
9153420
9155440
9157222
9158247
9158409
9162324
9162671
9162856
9162959
9163653
9163684
9164530
9164753
9167180
9168205
9168512
9169521
9170473
9171185
9173001
9173132
9173854
9174685
9175678
9176820
9177274
9177511
9177909
9178697
9178810
9180916
9181390
9181673
9182644
9183606
9185392
9185628
9186123
9186312
9187314
9187942
9188414
9189356
9189618
9189902
9191070
9191624
9192273
9193212
9193796
9195078
9196210
9196510
9196685
9198216
9198632
9198704
9199082
9199167
9199609
9199807
9200332
9202497
9202634
9202676
9203210
9206398
9209559
9209858
9210235
9210948
9214473
9214601
9214785
9216178
9216220
9217071
9219531
9219543
9219595
9220400
9221595
9222387
9222692
9222881
9224800
9226992
9227457
9228808
9228970
9228984
9229716
9230433
9231103
9232547
9232577
9233488
9234935
9235910
9238753
9240648
9240946
9241428
9241439
9242397
9244018
9245131
9246801
9247501
9247551
9248268
9249252
9249564
9249807
9249849
9251128
9251258
9251880
9253088
9253098
9253636
9253759
9254783
9256149
9256486
9257244
9260051
9260738
9265985
9266318
9267482
9268410
9268815
9269230
9269620
9269835
9270385
9273949
9275066
9275917
9276290
9277283
9278167
9278950
9280478
9280842
9283251
9283861
9284953
9286089
9286104
9289018
9290526
9291402
9292110
9292964
9293915
9294084
9294696
9294835
9296302
9297213
9297561
9297798
9298026
9298749
9299210
9299713
9301209
9302408
9302927
9305530
9306073
9310538
9312113
9313170
9314189
9315946
9317978
9319108
9322097
9324580
9324581
9325901
9326753
9327030
9327083
9331126
9331303
9335468
9335714
9336874
9336877
9337302
9339402
9340350
9341429
9342918
9343572
9344036
9345420
9345567
9346018
9346445
9347967
9348362
9349655
9349840
9350790
9351525
9353410
9357022
9358564
9359822
9360112
9360195
9360332
9360436
9362208
9362764
9364849
9365353
9365700
9366380
9370749
9370988
9371597
9372399
9372844
9372995
9376774
9379651
9379789
9380137
9380160
9380436
9380920
9381666
9382436
9383530
9383767
9383861
9384714
9385585
9386140
9386716
9387304
9387667
9387731
9389285
9389386
9391254
9391345
9391367
9391938
9392189
9393769
9394147
9395232
9395809
9397010
9397310
9398855
9400263
9401191
9402549
9403332
9403450
9404030
9404683
9405802
9406136
9406763
9409532
9409958
9410580
9410720
9411128
9411815
9412573
9412815
9412990
9414899
9416843
9419313
9422140
9423417
9423851
9424102
9424507
9427253
9428106
9428190
9428241
9428948
9429363
9431766
9435032
9439208
9439272
9440599
9441776
9441931
9442711
9443545
9443772
9445240
9447643
9447676
9448534
9449402
9451516
9452038
9453013
9454047
9454313
9454373
9455240
9455300
9456045
9456533
9457609
9460751
9460828
9461193
9462328
9464946
9467021
9468404
9469806
9472351
9472704
9472969
9473020
9473290
9473326
9474347
9475121
9475430
9476471
9476789
9477047
9477140
9477456
9479295
9481645
9482292
9482309
9483298
9485059
9485257
9487294
9487514
9487634
9487829
9488295
9489230
9489376
9490994
9495084
9495721
9496138
9496766
9497848
9497909
9498390
9498401
9499307
9501153
9502407
9505073
9506768
9507719
9509659
9511714
9515037
9515157
9516229
9516330
9516671
9516866
9517032
9517246
9517605
9517705
9517951
9518493
9519053
9519840
9520271
9521044
9523092
9523770
9524300
9524708
9524767
9525506
9526343
9528022
9528714
9531119
9531264
9532578
9532719
9533402
9533814
9535020
9535167
9535892
9537417
9539147
9539829
9540159
9540772
9540775
9541016
9541238
9542312
9543576
9544176
9544855
9546446
9547061
9548475
9548960
9549845
9551022
9551061
9551854
9554187
9554455
9555031
9555168
9560319
9560376
9561376
9561521
9564910
9565884
9566026
9566650
9567065
9567672
9567735
9568498
9568653
9568922
9569188
9569412
9572833
9573846
9576439
9577121
9577527
9580237
9583122
9583677
9584404
9585410
9585459
9586970
9587562
9587579
9587897
9589308
9589407
9592484
9593152
9593673
9594471
9599023
9599459
9599588
9600410
9600898
9604541
9606767
9608466
9608705
9611054
9613699
9613995
9614818
9615965
9617121
9618510
9620056
9620064
9622171
9622176
9622974
9625119
9625239
9626183
9628416
9628668
9631435
9631779
9632580
9633159
9633200
9633228
9633623
9635180
9635873
9636567
9637635
9639215
9639368
9639442
9639470
9640205
9640822
9640895
9641773
9642380
9642744
9643774
9644211
9644438
9647658
9649529
9649679
9651557
9653167
9653662
9653993
9654798
9655067
9655080
9655389
9655898
9656844
9657020
9657224
9657947
9659105
9659404
9659464
9659589
9660832
9663695
9665537
9667493
9667935
9669053
9669215
9669302
9672857
9673247
9673696
9674364
9674990
9675245
9675905
9676039
9676261
9679581
9680187
9680589
9680785
9682424
9683975
9685536
9687470
9687727
9688144
9688928
9689091
9689267
9692272
9692586
9694069
9694494
9696375
9696817
9698739
9699473
9699745
9701636
9701836
9702548
9704628
9705372
9705754
9706165
9706869
9707084
9707419
9709057
9712610
9713393
9716639
9717584
9718311
9720498
9722471
9724204
9725659
9729590
9729650
9732323
9732675
9734406
9735060
9735295
9735523
9735716
9735833
9736152
9738760
9740245
9740517
9741298
9741675
9744288
9746124
9746171
9746349
9746370
9746807
9746824
9747172
9749291
9750094
9750594
9750669
9753548
9755119
9755791
9756054
9756166
9759577
9760072
9760613
9764235
9764375
9764444
9766568
9766771
9766776
9767084
9768688
9769300
9769897
9771183
9772823
9773160
9773586
9775987
9776724
9776947
9777023
9777115
9777671
9778132
9778172
9779281
9779846
9780509
9782302
9782987
9783162
9785934
9786074
9787243
9787249
9787646
9788988
9789424
9790906
9793807
9794152
9794665
9795040
9798065
9798273
9798569
9802578
9802951
9803908
9803920
9804162
9804196
9806174
9806967
9806993
9808004
9808636
9808771
9814131
9816415
9817476
9817507
9817566
9819502
9820471
9820513
9821702
9825018
9825919
9826523
9826686
9827263
9829285
9830687
9832075
9832744
9833974
9834596
9834726
9835530
9836407
9836653
9837465
9837762
9837982
9838332
9839537
9840595
9842329
9842819
9843020
9843539
9843995
9844366
9844914
9846771
9849304
9849641
9850529
9851058
9852403
9853161
9854726
9855329
9855980
9857210
9857421
9858082
9858933
9859071
9859191
9859533
9862163
9862214
9865105
9866686
9867820
9868145
9868433
9870826
9870970
9872245
9875799
9877216
9878049
9879243
9879693
9881304
9881582
9881947
9882304
9884913
9885486
9887516
9887949
9888053
9888719
9889175
9890395
9890529
9892564
9895034
9898538
9898944
9899545
9900757
9900952
9903606
9903712
9904496
9904754
9905161
9905912
9906510
9911301
9911470
9912889
9914790
9915503
9916168
9917211
9917280
9918361
9918475
9918999
9919237
9919743
9921341
9922873
9923133
9925154
9925880
9925974
9927253
9927650
9929263
9930124
9932049
9932070
9932945
9934729
9934759
9935664
9935907
9936467
9936945
9937490
9937839
9940801
9946380
9946857
9950984
9951021
9951490
9952367
9952488
9955857
9956092
9956746
9956963
9958314
9958477
9959094
9960214
9962670
9963959
9964116
9964453
9964729
9965872
9966548
9967771
9968431
9968819
9969083
9969283
9969287
9969608
9971211
9971797
9971926
9972074
9972241
9973401
9975673
9977703
9978160
9981933
9982965
9983256
9984325
9985659
9986272
9986777
9989486
9989836
9990679
9991591
9991968
9992435
9992527
9993704
9994372
9994716
9996624
9996690
9997095
9997678
9998312
9999441
9999861
9999948
